	dist	YM	R2	YM_area	area	cpx	chrm
0	588.2603590248114	408.57847033400617	0.9738389304197157	0.355766053180712	telomere	310.57055694797646	PS120330
1	-392.39043056629197	822.7904097290236	0.9627061701135575	0.8083371724845748	telomere	185.77585958455518	PS120330
2	-588.2603590248114	104.13116387281251	-1.5341175825755662	0.06613617039292674	telomere	453.4163275745308	PS120330
3	732.3612496575716	176.08507420945864	0.9893385264520732	0.26223373505902303	telomere	329.9765527582633	PS120330
4	524.504528102475	586.7231062533868	0.9846110549926301	0.8662169357616356	telomere	171.01605574584164	PS120330
5	-525.1152254505672	268.8957545967274	0.7454969231873587	0.1456648959615815	telomere	499.3260618157025	PS120330
6	-732.3612496575716	74.96591436714338	0.5464489292457457	0.19047709480973382	telomere	221.90113890134728	PS120330
7	605.2530462542093	628.7498146053051	0.9817150609786648	0.7189392724103281	telomere	225.59384853304323	PS120330
8	-605.2530462542093	14.807349204064218	-9.435572474461537	0.10199641143469819	telomere	528.6856838508901	PS120330
9	954.7193304840957	13.834354220677461	-2.6534546732810864	0.024029425224397674	telomere	494.02522687358567	PS120330
10	743.8064264309633	14.561545185025727	-2.954382853615717	0.08851990275646793	telomere	503.36683941936826	PS120330
11	533.0853590186097	154.0992982522148	0.96488193652793	0.28474031543826894	telomere	404.26551146120437	PS120330
12	-321.2366728753117	1086.7553051836217	0.9628090389458657	0.9223353622932516	telomere	163.97894654003392	PS120330
13	-534.0683476859492	767.8707949989871	0.9244984517238558	0.6677794684109031	telomere	228.35541765198366	PS120330
14	-743.9845428501858	31.019746875529027	-21.066447130953954	0.09921343661076863	telomere	261.448737651717	PS120330
15	-954.7193304840957	30.069510509386127	-16.681320302971482	0.10934246617824067	telomere	251.73186997554865	PS120330
16	949.8868353651397	11.952332718270299	-4.662468839168527	0.022788332077186467	telomere	516.6296527989809	PS120330
17	738.9993234097038	24.21678621569249	-1.478656090501783	0.1497365088505728	telomere	359.88593646990046	PS120330
18	517.3567434565824	604.3033065217837	0.9817496390785841	0.47468888272382087	telomere	285.243547580645	PS120330
19	304.38462510448846	460.66400950117236	0.848786545942879	0.9503084616812004	telomere	160.31743926460092	PS120330
20	-317.34523787194286	572.3740999131473	0.987297177604532	0.5962617960526411	telomere	179.03528842350693	PS120330
21	-527.2665360138077	445.21899756674776	0.9855384904127069	0.6830807154348857	telomere	197.3850023780475	PS120330
22	-738.0094850338985	34.00870096749753	0.6022947643292372	0.05079234713790575	telomere	421.8395204085141	PS120330
23	-949.8868353651397	27.509688408670655	-1.2463727521634493	0.060703299324692817	telomere	336.89239461858597	PS120330
24	936.5300315526459	13.672017864408192	-1.3061286716563365	0.02143167655533482	telomere	544.1018151156064	PS120330
25	726.7712845180388	17.681003195154247	-0.9282272380947181	0.06926300009797999	telomere	423.01859535812457	PS120330
26	515.8609308718775	348.26754252822394	0.9590360161796188	0.353116849442136	telomere	273.2403420993579	PS120330
27	305.9517935884671	301.8611579398645	0.9195123713027379	0.5848484003501407	telomere	231.1063740604834	PS120330
28	95.43846184846024	348.3226371274514	0.7603749871539105	0.7326123130793193	telomere	169.24325957089513	PS120330
29	-105.91742066345837	281.1235545747485	0.9336450874447813	0.5663319867350636	telomere	214.66539629623117	PS120330
30	-316.76252934966914	124.85191957931652	0.856443403304689	0.361484122021309	telomere	259.04332710192193	PS120330
31	-526.511633299778	52.024178192235055	0.9753877425553487	0.07412740647559964	telomere	490.90557899044563	PS120330
32	-737.4310137226397	17.5478188972336	-1.015819876370493	0.028424112120508566	telomere	500.14505614148106	PS120330
33	-936.5300315526459	25.279852659049503	-0.6609345618606817	0.04981879470040278	telomere	373.94656092077446	PS120330
0	738.020494295382	1049.7013748378217	0.9798574456168031	1.1797410943646578	centromere	161.194228170251	PS120330
1	565.0267692773502	623.4341830785982	0.8226067571515572	0.6132265353119606	centromere	233.8424815513896	PS120330
2	369.04098688357095	186.86820890417533	0.9204706755739029	0.5355975444365703	centromere	222.88688015271566	PS120330
3	-184.08218273369098	180.50886048552013	0.7784800932800977	0.6794503348355165	centromere	185.88323930684953	PS120330
4	-542.0279051857017	40.54037622548094	-18.57653886719396	0.21659630229545332	centromere	184.37520933143423	PS120330
5	-738.020494295382	22.75937282226701	-6.739325515440529	0.06753119495681044	centromere	309.05842372556356	PS120330
6	859.0769755964828	18.303027554182	-15.155920839726342	0.0455148075973021	centromere	356.3548964145998	PS120330
7	467.0002676658762	86.65944475131641	0.31046985832448115	0.24145190368466118	centromere	287.43100751365887	PS120330
8	282.00044326206296	85.61655792566728	0.7251533260719194	0.39341606002597185	centromere	273.80138440472706	PS120330
9	86.00145347608958	220.11935616065497	0.8413312272994199	0.6250144748938893	centromere	193.13423165648533	PS120330
10	-294.22482899986534	764.8763518208249	0.9061219779923303	1.1227824611453534	centromere	150.73848623021684	PS120330
11	-479.1380281296821	1329.467913473748	0.9778789764603418	1.3300010065097794	centromere	152.80023447385634	PS120330
12	-675.0979558552966	83.60590117815413	0.10496622377950582	0.22869342245546448	centromere	212.31312603426989	PS120330
13	-859.0769755964828	15.844402296863008	-9.438907568611807	0.036308775736146465	centromere	401.04550600023776	PS120330
14	853.5177209642457	49.73575792578667	-13.755703317725924	0.33465050351621617	centromere	161.03643869723987	PS120330
15	657.5230033998811	110.23675483149222	-1.027439657193626	0.36071092857271103	centromere	259.8002846987132	PS120330
16	472.53200949776937	132.25699292476224	0.975261476123715	0.14459954760508292	centromere	416.08935592567616	PS120330
17	288.5524215805509	584.9620174173808	0.9572059866574829	0.7006545482318568	centromere	183.86698217319338	PS120330
18	-288.5524215805509	1156.8017632297824	0.9297048963774117	1.064142964606818	centromere	156.00734620311664	PS120330
19	-472.53200949776937	376.4149596817985	0.9898603673844094	0.8887725299618521	centromere	172.25185736530932	PS120330
20	-657.5230033998811	33.478340487816425	0.5264791273495459	0.052762003451665186	centromere	412.12151546980385	PS120330
21	-853.5177209642457	22.219393531124314	-4.260757632322323	0.048703576027818295	centromere	361.7855201304337	PS120330
0	790.538107873365	40.84039830021615	-1.1442562434699508	0.1637412688364932	arms	380.53353338870886	PS120330
1	-340.9494097369872	40.29007460057517	-0.2243160233204844	0.34047190040896474	arms	232.31699075292704	PS120330
2	-560.2771635538968	14.241967322970298	-4.954471795922917	0.026613082499905082	arms	492.79449530540234	PS120330
3	-790.538107873365	52.42719844526338	-23.56339262737092	0.31996516042287354	arms	164.06389622866516	PS120330
4	991.9240142268964	36.61232697231706	-8.371314002458373	0.15649244283573382	arms	220.26025073942833	PS120330
5	541.7667856190521	99.66936496316093	0.8747774454447723	0.19516967564358556	arms	359.4696070111354	PS120330
6	322.55580912456065	551.0392227538402	0.9846270163009136	1.1334603276182298	arms	153.62704073620125	PS120330
7	-334.5538073314964	657.6675380032084	0.9881085897245331	0.8056394802469161	arms	191.3653788042417	PS120330
8	-772.6870323746866	78.27892204077396	-0.9528291338205217	0.09772238449972111	arms	559.0267450922549	PS120330
9	-991.9240142268964	30.919287636245418	-12.759816719640746	0.1103207819957551	arms	256.07393636895597	PS120330
10	853.6793894665608	55.49510976031165	-0.11864716029361366	0.7445638129185767	arms	180.49876077735496	PS120330
11	645.7371756372712	528.9959706567236	0.9888463218656413	0.548456284337964	arms	233.76473843161511	PS120330
12	426.5354615972745	362.04168492330433	0.9662442088465789	0.8058003123262507	arms	170.66340395125906	PS120330
13	-207.5728787679161	654.5352729060081	0.8383547333561965	0.9260051460227154	arms	160.68914758917435	PS120330
14	-426.8588759765925	215.4949651222952	0.8304340773592306	0.6392727245706354	arms	175.01479196488174	PS120330
15	-634.7412858795306	22.25955051785725	-1.9652450841175222	0.0604437193288955	arms	382.4976726674547	PS120330
16	-853.6793894665608	21.334092839877165	-22.984865313994455	0.08054542995356295	arms	284.0958888366504	PS120330
