	dist	YM	R2	YM_area	area	cpx	chrm
0	490.9391510156834	33.029246783914374	-12.63875070480322	0.167678935309788	telomere	235.0124495723602	PS141253
1	327.8128276928772	385.18506310906037	0.8673483331355336	0.35646264966050095	telomere	327.639639519944	PS141253
2	158.7080653275063	483.7085220499011	0.866682049803982	0.5733187458129057	telomere	190.62663550200875	PS141253
3	-6.020797289396148	19.12838183272598	-5.1237944672055145	0.1412185809743745	telomere	367.1929253116176	PS141253
4	-158.1020240224647	274.5799697886943	0.9831220033690653	0.5659867258017264	telomere	213.77115708569352	PS141253
5	-321.30398379105105	164.638748549331	0.8118526082459505	0.3262465205569873	telomere	289.8756626972763	PS141253
6	-490.9391510156834	173.18671765388385	0.9611507588676048	0.18013038681984603	telomere	472.11469696299855	PS141253
7	732.1128669815878	25.03318077232356	-8.604199765282765	0.07939459578491094	telomere	277.68104177479165	PS141253
8	543.2082933829342	24.803530943119945	-5.4148433904381035	0.1501427893876794	telomere	306.9939495130408	PS141253
9	353.48444095886316	74.14607368523784	0.8358104840086071	0.3583665049397206	telomere	269.134036348123	PS141253
10	180.9813526305956	87.11993082661357	-1.1488143771912855	0.3944473316051252	telomere	222.04425427694423	PS141253
11	-8.139410298049853	295.05764561494937	0.8618655210842677	0.6616134164869731	telomere	195.81066146137402	PS141253
12	-180.9813526305956	918.6166345758285	0.9672266626696895	0.9366688159063863	telomere	176.22928466093367	PS141253
13	-370.71586154358164	647.2509996085288	0.959905971278616	0.7758465185153305	telomere	184.53282278376628	PS141253
14	-542.3810929595537	175.1867752741626	0.7234124384215586	0.22858971128370237	telomere	399.8945210799137	PS141253
15	-732.1128669815878	16.06421797526679	-23.54651564515879	0.040912173568757974	telomere	359.61487687427655	PS141253
16	676.2257389363407	32.60635622659806	-11.992320483501851	0.08932240352190196	telomere	255.13616883833254	PS141253
17	470.6030705382191	54.98647493620106	0.6159296637571996	0.29741417936292136	telomere	291.14304468690204	PS141253
18	291.201390793382	270.86146072313835	0.8795352440953097	0.5753205027131548	telomere	221.97908425807213	PS141253
19	-291.201390793382	1079.2229927234544	0.9753362310524111	0.8875287704517352	telomere	184.70514025710997	PS141253
20	-480.2824689700843	99.17822134218339	0.8098889644220565	0.6167732675699151	telomere	194.33884287288413	PS141253
21	-676.2257389363407	264.2704693347232	0.962355130827103	0.18954177535431554	telomere	389.36232824028787	PS141253
22	798.7314943083188	33.543060781952555	-2.733444662696334	0.07074532565046199	telomere	307.6144429429519	PS141253
23	618.3623533172116	24.292796118166294	0.7172820736637031	0.03891260795093127	telomere	664.3369494374754	PS141253
24	439.0136672132201	1032.0102858966184	0.9827258561778268	0.9883873634573549	telomere	158.43117388929033	PS141253
25	-90.19977827023745	422.46171176150983	0.5069498767677993	0.265692096535078	telomere	332.0065907218934	PS141253
26	-270.5993348107123	21.649854758695287	0.5137588307729257	0.10535352174858431	telomere	543.037018062442	PS141253
27	-450.0011111097394	16.96414416356777	0.15491358395610544	0.023674885873090717	telomere	530.4099752621216	PS141253
28	-630.4006662433028	27.163314760836244	-0.2299955163615952	0.03965489110942617	telomere	368.62470217133375	PS141253
29	-798.7314943083188	21.05261539115495	-2.58439899774565	0.035871261329192085	telomere	354.8874761873882	PS141253
30	790.5694150420949	33.38849318551938	-4.352864861257743	0.05559096168623692	telomere	332.16179075371736	PS141253
31	623.7218931543129	41.46226104537568	0.8988789029977609	0.049947872205134136	telomere	574.3207324457626	PS141253
32	443.36553767743385	365.6656347721617	0.9676657864499005	0.5138744275247418	telomere	186.1785732379642	PS141253
33	275.0654467576762	409.17708767143426	0.8389615491095386	0.7979864417057504	telomere	157.6364259668785	PS141253
34	96.18731725128839	87.67246590137513	0.2578296642587926	0.388633899264747	telomere	231.6516307242391	PS141253
35	-84.2140130857092	48.12900001411849	0.4150070508581819	0.11697693763230692	telomere	487.13220015972684	PS141253
36	-252.07141845120006	48.75439755227584	0.8794178439737464	0.04714801625343058	telomere	527.727146192821	PS141253
37	-431.3757063164313	26.39547267546496	-0.1983505634402689	0.0335642609357253	telomere	428.7731710480426	PS141253
38	-611.7360541933098	26.489152595588013	-1.0181494294520168	0.04725089687009458	telomere	344.1495916579248	PS141253
39	-790.5694150420949	23.910269199144242	-5.512379766505797	0.046570992564537124	telomere	318.4398160622603	PS141253
40	755.1412119597235	31.53481331553888	0.73968948025781	0.03112071490039036	telomere	456.27043679214614	PS141253
41	587.7918424068166	108.30501167228644	0.9031903671238013	0.07293755735151494	telomere	546.9696438510764	PS141253
42	419.4082140349662	800.235612823154	0.9211656441217737	0.5846154454455981	telomere	236.75223934018027	PS141253
43	251.08414924084715	99.44239616879648	0.46680830419116115	0.23689480551134345	telomere	319.5007445593528	PS141253
44	84.25111275229544	274.9776360226469	0.9809689836914333	0.17191415787163414	telomere	653.9541331854892	PS141253
45	-84.17986695166488	75.9971892408877	0.8731799427172182	0.07278348919587474	telomere	520.5004349552502	PS141253
46	-251.06025173252735	33.66376430771249	0.5554667585756061	0.05131773179277604	telomere	383.9284039890996	PS141253
47	-419.36529422449826	22.06350727922344	0.2285147050147751	0.038497953628199966	telomere	393.4287131297924	PS141253
48	-587.7408017144973	28.856704132508114	-0.4805421525729967	0.04431120762113427	telomere	361.77137283051286	PS141253
49	-755.1412119597235	60.4414369841937	-3.4157944768789354	0.1421057473789658	telomere	186.89570933265986	PS141253
0	-587.0521697430306	42.86579537299069	-9.366114708588718	0.22535448402895175	centromere	176.42400718878764	PS141253
1	-436.3258530043802	409.2313245492629	0.916609142720758	0.190996578176641	centromere	592.3800260817704	PS141253
2	-299.5200327190153	448.467151324614	0.9736788593739765	0.29115109482030455	centromere	383.6727813215573	PS141253
3	-147.94678097207793	526.4230202895479	0.762302811974603	0.27564266299167456	centromere	441.5754116973509	PS141253
4	-0.5	111.40653094227623	0.7977769230338077	0.15756586114807214	centromere	449.5750698501307	PS141253
5	151.31506864816868	21.21090238341331	-6.354424230150003	0.16141254618468953	centromere	347.7275542498015	PS141253
6	288.0212665759249	25.323085756315123	-34.09003977761891	0.1499631787495638	centromere	258.2054164838431	PS141253
7	439.7775005613634	28.682387769825393	-7.3522637836646645	0.06814777346565623	centromere	277.30018893767715	PS141253
8	587.0521697430306	26.818644896118716	-14.311709157830538	0.07473090935288801	centromere	262.31162998761204	PS141253
9	-700.7014342785378	24.132082468773575	-3.1817836903094276	0.04594085253346705	centromere	337.2118964647967	PS141253
10	-552.502036195343	60.3024402878255	0.7001192464224875	0.06829906520891343	centromere	279.37136515717145	PS141253
11	-400.73245438821147	496.5572249856227	0.9314224084075702	0.4203349028658463	centromere	324.3239440179948	PS141253
12	-238.47117226197383	1388.0133325909621	0.9583440075939749	1.1010043135319247	centromere	170.73329598331907	PS141253
13	-86.7438758645243	456.2723309565337	0.9656953840462171	0.4386760436429249	centromere	257.32922999084076	PS141253
14	73.56969484781081	180.07529409401732	0.8167655651715235	0.23937709562153714	centromere	321.2011748759593	PS141253
15	223.83140977083622	21.51967868082625	-18.26121739766728	0.2363400131211334	centromere	313.30340716170497	PS141253
16	387.02002532168797	24.054796720206397	-3.285686977452591	0.22089251447469527	centromere	314.26611575284755	PS141253
17	538.7323082942029	22.017319006830263	-7.090118238916649	0.04506521245820408	centromere	342.5439780308669	PS141253
18	700.7014342785378	17.82462907045542	-6.0879485952350185	0.034039822561180794	centromere	379.81829069240723	PS141253
19	-709.9947182902138	29.889157005450226	-50.07112595898495	0.11927487098619799	centromere	224.09103311424337	PS141253
20	-542.9663893833576	26.521399944424736	0.6584035799496444	0.06505045094481111	centromere	567.0551850934344	PS141253
21	-391.178348071567	1186.1164055452573	0.9327153414933262	0.8265710311019125	centromere	191.56750317954493	PS141253
22	-77.34662242140894	531.883095731639	0.9915386297132018	0.6460053414552457	centromere	205.69462342058137	PS141253
23	89.8359616189419	362.38066072234744	0.7963314215404526	0.887612977726321	centromere	160.87144875796616	PS141253
24	240.66262692823744	221.90112098169521	0.8020953699947267	0.9956427947632803	centromere	162.67191086726734	PS141253
25	403.5127011631728	17.651255710847504	-1.384773295475148	0.13326328331847884	centromere	424.1046493576006	PS141253
26	555.3003691696954	19.729274437172087	-3.34243099280481	0.0445247536524081	centromere	385.8791003176243	PS141253
27	709.9947182902138	19.11524206572152	-6.7025109100592015	0.036472298567799176	centromere	379.1416436316764	PS141253
0	-648.0210258934504	25.973866534149728	0.6692092007828778	0.020078672838320814	arms	585.464983115469	PS141253
1	-478.5365712252304	163.6111718739081	0.9908524142044611	0.13349133517377137	arms	629.7613415971593	PS141253
2	-325.8853325941504	737.6841660023146	0.9709687197966254	0.9882694210355687	arms	160.09607958258846	PS141253
3	-6.020797289396148	302.94903136656546	0.6031527675673058	0.5710275770426672	arms	208.94820485124978	PS141253
4	165.15523001104143	88.35859509381058	0.906601051166188	0.17455739816828356	arms	557.0866549214047	PS141253
5	335.4642305820399	21.62965184058803	0.14501787445197556	0.03580255966411802	arms	512.9408742083331	PS141253
6	487.9961577717595	22.296797607730795	-0.11691564824233036	0.027382004171021667	arms	474.5592473715313	PS141253
7	648.0210258934504	17.811029305948907	-0.4175321966087906	0.028514148289825122	arms	440.7351813004948	PS141253
8	-703.0689866577817	11.26652135646052	-2.025488492065133	0.014305137683976432	arms	581.317579942168	PS141253
9	-558.6787985954004	21.735304957863757	0.5092117750828075	0.024028035053274856	arms	582.5028635096883	PS141253
10	-406.6607923072988	265.56406653150344	0.9879209732606794	0.18251614521966264	arms	595.3467484303344	PS141253
11	78.23042886243178	284.26287362687384	0.9954983872620043	0.41637403170117326	arms	275.79397402980317	PS141253
12	228.97379762758882	165.34145064326174	0.5117096534494052	0.20834480283018855	arms	424.20365380190015	PS141253
13	390.40107581818984	18.696408037346743	-0.19323763757681633	0.04478860299106042	arms	500.4837945772588	PS141253
14	542.2416435501796	20.780712748558393	-0.7230973177918549	0.029892455833458304	arms	449.86722055497466	PS141253
15	703.0689866577817	19.4208318184787	-1.1070630262854428	0.02712235764828812	arms	458.81229779676204	PS141253
16	707.7301745722024	24.196855755232804	-1.6086561604688066	0.0339491585763206	arms	412.37139496305156	PS141253
17	555.1666416491538	25.88662288116969	0.6365421913424274	0.04133216414498845	arms	540.490313295679	PS141253
18	393.72325305981104	516.7607155061486	0.7984404960722317	0.4792900818314663	arms	218.89520510330192	PS141253
19	-80.72174428244226	235.423267085418	0.8986666073941914	0.3212165658597874	arms	321.17603130462624	PS141253
20	-233.3838040653207	38.25415628496734	0.6866701747888987	0.13785180048434664	arms	505.5121200034277	PS141253
21	-384.87660360172583	19.87058813537254	-0.7795020747069439	0.030087358721632228	arms	456.1821938135018	PS141253
22	-546.2984532286358	21.621878650959612	-1.7083636258980501	0.03469994167876081	arms	391.77374770969755	PS141253
23	-707.7301745722024	20.90245429546253	-2.8998835721868956	0.033172300797411514	arms	403.4537769399768	PS141253
