	dist	YM	R2	YM_area	area	cpx	chrm
0	335.5	583.2767190566385	0.9417680449591871	0.3812860129463293	telomere	370.7813349470051	PS120410
1	161.5	661.6311700978077	0.9704535299523684	0.8129044433505601	telomere	178.74164358497217	PS120410
2	-0.5	428.5394133286453	0.8002716759781932	0.8495956355646281	telomere	162.68405010914353	PS120410
3	-173.5	46.859072650726866	-0.25377562546399	0.3264018961094537	telomere	293.37592401390566	PS120410
4	-335.5	100.03549720958299	0.9756589729524279	0.05247933057259911	telomere	482.14502501523026	PS120410
5	428.0	141.15494279389705	-1.15479172151948	0.4199098362465667	telomere	175.33266261453684	PS120410
6	267.0	618.094870418095	0.9112179409061621	0.6566404634782959	telomere	226.92805085972088	PS120410
7	-267.0	41.09991533696222	-7.897697744324752	0.5340923742616439	telomere	210.42539813183691	PS120410
8	-428.0	153.4780850723128	0.9426884172885043	0.10512951416312326	telomere	589.3355985232691	PS120410
9	434.5	562.846859755807	0.9660557371107614	0.4364823105601709	telomere	322.86560689915314	PS120410
10	-260.5	200.6675242040028	0.9431928630396035	0.663227239188484	telomere	200.3948227925647	PS120410
11	-434.5	91.7927967457074	0.8406915329068558	0.10162666230891292	telomere	611.9108138376621	PS120410
12	-594.1517062165184	87.29820002997556	0.8699068627627871	0.042676606301933255	telomere	493.08988409241226	PS120410
13	-444.754145568088	94.42327774312739	0.5040719332389985	0.5274894509765672	telomere	240.77363979069946	PS120410
14	-294.53904664746915	771.5427583422506	0.7782300180459889	1.0676105564695568	telomere	151.75453422292026	PS120410
15	300.04874603970603	756.352070360753	0.9771785011372794	0.9418294211676372	telomere	181.90527855572782	PS120410
16	449.51446027908827	87.72728803250784	0.7209055508735146	0.18344101620130562	telomere	338.4645964210531	PS120410
17	594.1517062165184	50.88198124707666	-13.842662305937553	0.338110899975571	telomere	169.38554619169952	PS120410
18	-561.0358722933855	286.52630213594705	0.9305182972767622	0.10630586626952235	telomere	627.1756121519405	PS120410
19	-394.23121388342656	660.349475338578	0.7874396620634634	0.9410255444324216	telomere	154.3319136070411	PS120410
20	245.31663213080355	238.25608102143508	0.9525073143550562	0.45601304599133347	telomere	273.235183595865	PS120410
21	400.12279365214874	95.21488286027947	0.7437950495519807	0.17595057593298755	telomere	307.1494773051028	PS120410
22	561.0358722933855	33.844768502309044	-12.276058415821664	0.1565889164394589	telomere	246.2379688113689	PS120410
23	-596.967545181478	51.454075476890885	0.9166789525815007	0.03712470840319958	telomere	623.2927794690526	PS120410
24	-418.8845306286686	486.7056003755136	0.782287229482469	0.6642200987663547	telomere	198.19443625017777	PS120410
25	-252.13339723249675	459.15111760333764	0.9162156008610501	1.0163107964394915	telomere	154.00388906997762	PS120410
26	269.0171927591246	347.93351767422644	0.9004449334587853	0.7664049575815736	telomere	189.24260667895226	PS120410
27	435.81790922356555	64.56355999490977	0.4129785436105049	0.15762671292075706	telomere	333.3762543564775	PS120410
28	596.967545181478	48.2419937325566	-3.7010502472864006	0.26127246645744123	telomere	194.93181677092923	PS120410
0	637.9067329947223	36.20178109490673	-31.621697771845234	0.3412988039603932	centromere	199.1827475885849	PS120410
1	481.09562459037187	493.9107911418218	0.97708098482862	0.5405512872401687	centromere	254.27504839967207	PS120410
2	6.0	645.7683286347673	0.9869341033626379	0.8433095780757598	centromere	165.19181369893317	PS120410
3	-162.5607578722491	499.80899269418387	0.8445417163989606	0.6095937392469065	centromere	208.34330342005592	PS120410
4	-319.71393463532365	127.44744742094	0.7237727839102271	0.24916262270816655	centromere	316.9015113407795	PS120410
5	-637.9067329947223	41.49656569730342	-18.549986425608047	0.273153685488095	centromere	193.83543981600747	PS120410
6	516.3874514354508	23.066112602201922	-2.809680057189099	0.0692434300312688	centromere	356.80594660361703	PS120410
7	362.5382738415353	83.37429624310717	0.19049506125153726	0.0443118353560786	centromere	542.4605311856983	PS120410
8	190.90573590125572	799.6138688758233	0.8014349629530086	0.8468297836233486	centromere	184.5867626188592	PS120410
9	-516.3874514354508	96.02345407435593	0.834206661824026	0.2563756428435177	centromere	312.06128824658094	PS120410
10	618.2980672782344	53.18706468388965	-4.697993380429262	0.25127812980244074	centromere	197.73661684481465	PS120410
11	437.347116144602	93.07855737647157	-0.62546326136972	0.07138023076359147	centromere	601.7451852628171	PS120410
12	-265.1801274605622	79.89561781961295	-0.6940679452258747	0.8081079950947863	centromere	168.76986302891612	PS120410
13	-449.7160215069061	392.67001727923935	0.6524958455493788	0.29341602479429907	centromere	322.2310022468264	PS120410
14	-618.2980672782344	31.568849948238665	-12.940818104870951	0.13394891429474576	centromere	253.33763759030262	PS120410
0	484.0	332.4971543615264	0.9885059730863146	0.4943079206471566	arms	231.551136041797	PS120410
1	286.0	397.2147583891765	0.959016478522863	0.8478888776175655	arms	182.33742764630722	PS120410
2	-298.0	293.1887153076379	0.9844369916863912	0.5254601939517596	arms	230.41847321988928	PS120410
3	-484.0	65.90900081791531	0.8855466965089526	0.16359451619982068	arms	391.7465301820349	PS120410
4	441.0	695.0814807226277	0.9960493861013223	0.5433155132894008	arms	288.172011400085	PS120410
5	-267.0	387.8016091561526	0.985944389554929	0.5931879525551059	arms	223.58882034568546	PS120410
6	-441.0	84.9055809455391	0.7425214844456253	0.27433775130591964	arms	311.4793546099007	PS120410
7	558.5	28.457823522143546	-24.059776717110505	0.15839176559873896	arms	250.14298998643858	PS120410
8	372.5	330.4686626324407	0.9866162989075569	0.15797945242535488	arms	581.5380085958573	PS120410
9	-372.5	276.67289565185723	0.8496250171400463	0.5471665430778969	arms	224.11362011484698	PS120410
10	-558.5	128.86470949704741	0.9204506756347255	0.34144831728173486	arms	303.132877040469	PS120410
