	Filename	Contact Point [nm]	Oscillation Frequency [Hz]	Force Amplitude [N]	Phase Delta [deg]	Indentation Amplitude [m]	Force Phase [deg]	Young Modulus [Pa]	Storage Modulus E' [Pa]	Loss Modulus E'' [Pa]	Shear Storage G' [Pa]	Shear Loss G'' [Pa]	Loss Tan
8	Chromosome3	8676.429999999998	20.0	4.92179e-11	27.6082	9.68153e-09	24.8467	2572.44	2279.54	1192.13	759.846	397.377	0.52297
11	Chromosome3	9593.46	20.0	7.93278e-11	28.3326	9.48813e-09	24.9512	3666.71	3227.47	1740.18	1075.82	580.06	0.539178
12	Chromosome3	9626.87	20.0	9.63637e-11	12.132	9.31285e-09	9.46785	4514.42	4413.6	948.771	1471.2	316.257	0.214965
13	Chromosome3	9333.96	20.0	7.04094e-11	10.9747	9.49647e-09	8.60558	3313.87	3253.26	630.877	1084.42	210.292	0.193921
16	Chromosome3	8965.32	20.0	9.61844e-11	11.1529	9.31184e-09	8.55832	4731.5	4642.15	915.205	1547.38	305.068	0.197151
17	Chromosome3	8959.51	20.0	1.53887e-10	10.1878	8.89406e-09	7.22621	7769.73	7647.23	1374.28	2549.08	458.092	0.179709
18	Chromosome3	8972.34	20.0	1.28421e-10	19.3138	9.11196e-09	15.7162	6277.22	5923.94	2076.14	1974.65	692.045	0.350465
26	Chromosome16	4320.35	200.0	3.92547e-11	23.6411	9.30335e-09	3.94058	2173.74	1991.31	871.682	663.77	290.561	0.437743
27	Chromosome16	5294.28	200.0	5.65481e-11	23.329	9.19573e-09	3.48244	2961.18	2719.1	1172.66	906.365	390.886	0.431267
30	Chromosome16	3620.73	200.0	5.90127e-11	23.244	9.164e-09	3.10983	3584.27	3293.35	1414.52	1097.78	471.508	0.42951
31	Chromosome16	5092.32	200.0	3.4192e-11	29.2069	9.36057e-09	9.62363	1779.91	1553.62	868.534	517.872	289.511	0.55904
32	Chromosome16	5279.57	200.0	7.748e-11	18.7808	9.03814e-09	358.768	4290.26	4061.83	1381.24	1353.94	460.414	0.340054
33	Chromosome16	4743.18	200.0	6.04108e-11	22.5357	9.16398e-09	2.61579	3965.43	3662.64	1519.79	1220.88	506.596	0.414944
36	Chromosome16	3988.44	200.0	6.41914e-11	25.4669	9.14643e-09	5.17444	3685.95	3327.8	1584.92	1109.27	528.307	0.476266
37	Chromosome16	4763.71	200.0	6.11678e-11	24.4219	9.16037e-09	4.27293	3136.51	2855.88	1296.8	951.959	432.267	0.454082
38	Chromosome16	4711.84	200.0	8.27457e-11	21.5953	9.00195e-09	1.14757	4228.46	3931.65	1556.28	1310.55	518.759	0.395833
39	Chromosome16	5040.1	200.0	8.42014e-11	20.0955	8.98149e-09	359.795	4142.35	3890.17	1423.25	1296.72	474.418	0.365859
40	Chromosome16	4991.54	200.0	6.51487e-11	23.6982	9.12345e-09	3.46672	3157.66	2891.39	1269.12	963.798	423.041	0.438931
41	Chromosome16	4649.97	200.0	6.52573e-11	25.9308	9.12924e-09	5.52496	3230.83	2905.56	1412.8	968.519	470.932	0.486239
42	Chromosome16	4380.72	200.0	5.83798e-11	24.2157	9.1736e-09	4.07279	3081.21	2810.09	1263.83	936.696	421.276	0.449747
43	Chromosome16	4013.68	200.0	7.39013e-11	21.1394	9.05783e-09	0.788414	3927.43	3663.13	1416.38	1221.04	472.128	0.386659
44	Chromosome16	3655.68	200.0	7.83348e-11	22.3966	9.02796e-09	1.87011	4206.15	3888.87	1602.61	1296.29	534.203	0.412101
45	Chromosome16	3715.2599999999998	200.0	1.54742e-10	17.0195	8.46986e-09	355.739	8631.18	8253.18	2526.32	2751.06	842.106	0.306103
46	Chromosome16	3957.8999999999996	200.0	1.40916e-10	15.8514	8.56525e-09	354.881	7554.16	7266.9	2063.37	2422.3	687.79	0.283941
47	Chromosome16	4082.12	200.0	8.10237e-11	21.3793	8.99706e-09	0.650732	4025.76	3748.74	1467.55	1249.58	489.185	0.39148
48	Chromosome16	2349.16	200.0	1.93926e-10	15.1324	8.17681e-09	353.47	25282.8	24406.1	6600.09	8135.37	2200.03	0.270428
49	Chromosome16	2303.0499999999997	200.0	1.97727e-10	16.816	8.16151e-09	354.848	23212.1	22219.5	6715.24	7406.5	2238.41	0.302223
61	Chromosome4	8897.939999999999	20.0	9.35312e-11	23.4858	9.37165e-09	20.1039	4508.51	4135.02	1796.74	1378.34	598.914	0.434519
62	Chromosome4	8875.85	20.0	9.57046e-11	23.9667	9.35896e-09	20.5195	4642.81	4242.51	1885.94	1414.17	628.645	0.444533
63	Chromosome4	8989.400000000001	20.0	9.47223e-11	22.8675	9.36086e-09	19.5056	4544.74	4187.55	1766.09	1395.85	588.697	0.421748
64	Chromosome4	8910.550000000001	20.0	1.34881e-10	18.5543	9.06314e-09	14.9322	6629.17	6284.6	2109.42	2094.87	703.14	0.335649
66	Chromosome4	7571.7699999999995	20.0	1.23492e-10	23.3541	9.16736e-09	19.4831	10480.6	9621.97	4154.66	3207.32	1384.89	0.431789
67	Chromosome4	9511.09	20.0	9.13973e-11	21.393	9.37746e-09	18.1755	4257.19	3963.87	1552.87	1321.29	517.622	0.391755
68	Chromosome4	8918.15	20.0	1.08962e-10	23.9161	9.26938e-09	20.2479	5256.14	4804.85	2130.83	1601.62	710.278	0.443476
77	Chromosome7	8809.42	20.0	5.83308e-11	24.1611	9.61161e-09	21.3473	2777.11	2533.83	1136.68	844.61	378.894	0.448602
78	Chromosome7	8787.19	20.0	4.51678e-11	24.1635	9.6999e-09	21.5645	2080.67	1898.37	851.707	632.789	283.902	0.448652
81	Chromosome7	8837.519999999999	20.0	3.67505e-11	21.4088	9.75112e-09	19.0383	1864.31	1735.67	680.507	578.556	226.836	0.392072
82	Chromosome7	9131.97	20.0	5.36393e-11	21.2166	9.63535e-09	18.5912	2513.61	2343.23	909.659	781.078	303.22	0.388207
87	Chromosome7	9211.16	20.0	5.00377e-11	23.8393	9.66614e-09	21.1849	2313.12	2115.77	934.9	705.257	311.633	0.441872
88	Chromosome7	9405.970000000001	20.0	3.42815e-11	21.0386	9.76755e-09	18.7221	1586.07	1480.34	569.393	493.446	189.798	0.384638
90	Chromosome7	8768.62	20.0	1.46633e-10	12.6537	8.95443e-09	9.47996	7304.12	7126.72	1600.03	2375.57	533.344	0.224512
91	Chromosome7	9001.31	20.0	4.89932e-11	27.2569	9.68214e-09	24.5047	2268.92	2016.98	1039.12	672.327	346.374	0.515187
92	Chromosome7	9044.179999999998	20.0	5.52352e-11	28.4752	9.64522e-09	25.5503	2524.62	2219.2	1203.68	739.734	401.228	0.542395
101	Chromosome6	8778.75	2.0	5.42804e-11	10.2687	9.61055e-09	9.68417	2515.64	2475.34	448.45	825.115	149.483	0.181167
102	Chromosome6	8712.15	2.0	3.10475e-11	13.4426	9.78007e-09	12.9606	1417.54	1378.71	329.538	459.569	109.846	0.239019
107	Chromosome6	8766.21	2.0	3.05225e-11	9.92085	9.78105e-09	9.52297	1517.93	1495.23	261.52	498.409	87.1733	0.174903
108	Chromosome6	10003.6	2.0	2.98153e-11	9.86579	9.78612e-09	9.47374	1326.39	1306.77	227.264	435.591	75.7548	0.173913
109	Chromosome6	8401.61	2.0	6.02053e-11	10.8027	9.56861e-09	10.1513	2932.68	2880.71	549.665	960.235	183.222	0.190809
110	Chromosome6	8821.74	2.0	5.74682e-11	10.0694	9.5873e-09	9.46965	2719.95	2678.06	475.557	892.686	158.519	0.177575
111	Chromosome6	9068.13	2.0	4.05783e-11	13.5307	9.71236e-09	12.9557	1874.19	1822.17	438.498	607.39	146.166	0.240646
112	Chromosome6	8805.189999999999	2.0	5.03562e-11	11.7562	9.64046e-09	11.1478	2367.5	2317.84	482.374	772.613	160.791	0.208114
118	Chromosome6	8745.279999999999	2.0	4.94448e-11	12.0954	9.64741e-09	11.4832	2334.19	2282.37	489.105	760.791	163.035	0.214297
132	Chromosome20	3979.88	2.0	8.43773e-11	18.9456	9.41605e-09	17.6113	4062.11	3842.05	1318.84	1280.68	439.615	0.343266
133	Chromosome20	4002.9	2.0	8.25132e-11	16.5313	9.42173e-09	15.3608	3949.71	3786.45	1123.85	1262.15	374.616	0.296808
135	Chromosome20	3839.0699999999997	2.0	1.18468e-10	16.0103	9.16657e-09	14.4533	5823.81	5597.92	1606.26	1865.97	535.421	0.28694
136	Chromosome20	4264.34	2.0	7.61993e-11	18.3176	9.47104e-09	17.1303	4056.82	3851.26	1274.99	1283.75	424.997	0.331058
137	Chromosome20	4331.62	2.0	6.11256e-11	18.0569	9.57545e-09	17.0788	3343.71	3179.03	1036.42	1059.68	345.474	0.326018
138	Chromosome20	3828.5	2.0	8.57364e-11	19.0065	9.40688e-09	17.6498	4141.9	3916.09	1348.92	1305.36	449.638	0.344455
142	Chromosome20	4118.68	2.0	9.77853e-11	18.7976	9.32223e-09	17.2917	4838.89	4580.8	1559.21	1526.93	519.738	0.34038
143	Chromosome20	4370.78	2.0	8.63601e-11	21.0123	9.40963e-09	19.5296	4142.73	3867.25	1485.46	1289.08	495.152	0.384111
156	Chromosome14	2293.52	2.0	1.29377e-10	11.0463	9.07208e-09	9.82051	9865.37	9682.59	1890.22	3227.53	630.074	0.195219
157	Chromosome14	2924.49	2.0	1.29913e-10	11.7638	9.07043e-09	10.4653	6599.11	6460.51	1345.41	2153.5	448.471	0.208252
161	Chromosome14	3350.67	2.0	5.95301e-11	23.4742	9.60055e-09	22.2946	2948.5	2704.48	1174.5	901.493	391.499	0.434278
162	Chromosome14	3505.5499999999997	2.0	5.06115e-11	26.0107	9.66728e-09	24.895	2815.04	2529.91	1234.5	843.305	411.501	0.487963
163	Chromosome14	2901.89	2.0	4.84748e-11	27.7888	9.68633e-09	26.6554	3131.91	2770.71	1460.14	923.57	486.712	0.52699
166	Chromosome14	3159.59	2.0	3.56169e-11	26.2352	9.76675e-09	25.3899	2294.13	2057.81	1014.14	685.936	338.046	0.492824
167	Chromosome14	3528.3199999999997	2.0	3.97456e-11	25.6223	9.73826e-09	24.7168	2496.41	2250.92	1079.54	750.308	359.846	0.479598
168	Chromosome14	3227.14	2.0	4.34827e-11	25.3838	9.71302e-09	24.4162	2256.9	2039.02	967.488	679.672	322.496	0.474487
172	Chromosome14	3157.9100000000003	2.0	7.36364e-11	25.7426	9.51379e-09	24.2165	3682.35	3316.89	1599.35	1105.63	533.116	0.482183
182	Chromosome5	8758.76	2.0	5.67017e-11	10.001	9.59272e-09	9.40851	2588.62	2549.28	449.551	849.761	149.85	0.176344
185	Chromosome5	8194.27	2.0	1.83588e-10	18.0374	8.71777e-09	15.4781	9544.07	9075.03	2955.2	3025.01	985.067	0.325641
186	Chromosome5	8450.55	2.0	6.6251e-11	8.82528	9.52246e-09	8.22053	3172.14	3134.58	486.676	1044.86	162.225	0.15526
187	Chromosome5	8197.09	2.0	4.48996e-11	10.757	9.67843e-09	10.2273	2228.66	2189.49	415.966	729.831	138.655	0.189983
192	Chromosome5	8783.61	2.0	5.46744e-11	11.0445	9.60858e-09	10.4272	2516.56	2469.95	482.099	823.318	160.7	0.195186
193	Chromosome5	8756.02	2.0	6.78175e-11	8.26264	9.51046e-09	7.676	3153.68	3120.95	453.219	1040.32	151.073	0.145218
207	Chromosome12	7926.05	200.0	4.18834e-11	15.847	9.30485e-09	356.982	3077.53	2960.56	840.38	986.854	280.127	0.283858
208	Chromosome12	8076.36	200.0	1.23094e-10	8.88953	8.7145e-09	349.834	11919.7	11776.5	1841.94	3925.49	613.981	0.156409
209	Chromosome12	7651.98	200.0	1.87518e-10	8.80612	8.23837e-09	349.097	18883.3	18660.7	2890.87	6220.24	963.624	0.154918
210	Chromosome12	7873.700000000001	200.0	8.09475e-11	14.7229	9.0231e-09	355.468	5745.45	5556.8	1460.17	1852.27	486.723	0.262771
211	Chromosome12	8453.41	200.0	5.65496e-11	12.1938	9.20196e-09	353.413	4250.55	4154.66	897.796	1384.89	299.265	0.216094
212	Chromosome12	8470.85	200.0	6.81449e-11	11.4052	9.1154e-09	352.498	4399.67	4312.8	870.019	1437.6	290.006	0.20173
215	Chromosome12	8467.789999999999	200.0	7.38214e-11	27.3506	9.11712e-09	7.4628	3925.77	3486.92	1803.63	1162.31	601.21	0.517256
216	Chromosome12	9322.67	200.0	4.86969e-11	21.363	9.27141e-09	2.37434	2465.97	2296.54	898.293	765.514	299.431	0.391151
217	Chromosome12	9757.11	200.0	8.14028e-11	11.5738	9.02752e-09	352.674	4070.97	3988.2	816.759	1329.4	272.253	0.204794
224	Chromosome12	9307.87	200.0	3.9709e-10	13.9589	6.75262e-09	351.245	25778.4	25017.1	6218.43	8339.05	2072.81	0.248567
225	Chromosome9	8972.97	2.0	6.08107e-11	9.83537	9.56324e-09	9.22294	2848.98	2807.1	486.656	935.702	162.219	0.173366
226	Chromosome9	8934.28	2.0	7.67655e-11	8.26864	9.44583e-09	7.62787	3650.53	3612.59	525.0	1204.2	175.0	0.145325
227	Chromosome9	8912.08	2.0	1.54293e-10	5.72957	8.87945e-09	4.90576	7768.4	7729.59	775.545	2576.53	258.515	0.100335
231	Chromosome9	8924.86	2.0	2.03071e-10	5.0383	8.5232e-09	4.11191	10614.5	10573.5	932.185	3524.5	310.728	0.0881623
232	Chromosome9	8921.470000000001	2.0	3.59389e-11	8.01041	9.74073e-09	7.62178	1709.74	1693.05	238.257	564.351	79.419	0.140726
233	Chromosome9	9261.07	2.0	4.70501e-11	9.89946	9.66213e-09	9.38237	2194.98	2162.29	377.36	720.765	125.787	0.174518
234	Chromosome9	9281.69	2.0	7.43695e-11	8.25439	9.46308e-09	7.62893	3518.35	3481.9	505.124	1160.63	168.375	0.145071
235	Chromosome9	9585.029999999999	2.0	2.88769e-11	9.03931	9.79237e-09	8.67161	1304.97	1288.76	205.026	429.587	68.342	0.159088
236	Chromosome9	9274.61	2.0	3.19594e-11	6.93224	9.76897e-09	6.59347	1500.49	1489.52	181.103	496.508	60.3675	0.121584
237	Chromosome9	9624.300000000001	2.0	3.31779e-11	7.10904	9.76026e-09	6.75927	1509.27	1497.67	186.785	499.223	62.2616	0.124717
238	Chromosome9	9250.75	2.0	5.23346e-11	9.44415	9.6236e-09	8.90605	2400.09	2367.56	393.822	789.187	131.274	0.166341
239	Chromosome9	9571.33	2.0	1.8225e-10	4.66842	8.67419e-09	3.86915	9132.69	9102.39	743.302	3034.13	247.767	0.0816601
241	Chromosome9	8917.51	2.0	1.41471e-10	8.53144	8.97819e-09	7.47369	7058.9	6980.79	1047.2	2326.93	349.067	0.150012
242	Chromosome9	9269.76	2.0	7.58273e-11	9.62279	9.45445e-09	8.91313	3539.9	3490.09	591.732	1163.36	197.244	0.169546
243	Chromosome9	9294.5	2.0	5.34274e-11	8.81582	9.61504e-09	8.29427	2466.05	2436.91	377.943	812.304	125.981	0.155091
244	Chromosome9	8678.789999999999	2.0	3.34517e-11	8.43575	9.759e-09	8.05202	1688.79	1670.52	247.746	556.839	82.5819	0.148305
256	Chromosome14	2524.53	20.0	1.24176e-10	12.6732	9.11499e-09	9.60489	7761.79	7572.69	1702.86	2524.23	567.621	0.224869
257	Chromosome14	2215.69	20.0	1.33705e-10	14.1774	9.05222e-09	10.8689	8209.15	7959.12	2010.63	2653.04	670.21	0.25262
261	Chromosome14	2627.96	20.0	1.11941e-10	23.7027	9.24718e-09	19.901	7809.3	7150.54	3139.27	2383.51	1046.42	0.439026
262	Chromosome14	3518.9100000000003	20.0	8.92667e-11	25.2745	9.40826e-09	21.7783	5072.43	4586.86	2165.71	1528.95	721.902	0.472154
263	Chromosome14	2868.65	20.0	8.94253e-11	27.8866	9.42041e-09	24.2243	6111.0	5401.36	2858.26	1800.45	952.754	0.529174
266	Chromosome14	3540.81	20.0	6.91405e-11	29.3481	9.5586e-09	26.0361	3731.09	3252.24	1828.66	1084.08	609.555	0.562279
267	Chromosome14	3496.79	20.0	7.87509e-11	27.1539	9.4869e-09	23.7587	5236.45	4659.3	2389.82	1553.1	796.608	0.512914
268	Chromosome14	2898.75	20.0	8.05035e-11	26.5226	9.47214e-09	23.107	4993.51	4467.98	2229.86	1489.33	743.285	0.499075
272	Chromosome14	4062.4100000000003	20.0	7.26386e-11	27.8902	9.52988e-09	24.5779	3514.2	3106.01	1643.87	1035.34	547.955	0.529254
282	Chromosome12	8228.14	2.0	3.18879e-11	8.08746	9.77007e-09	7.72115	1742.01	1724.69	245.074	574.896	81.6915	0.142098
283	Chromosome12	8083.56	2.0	9.65511e-11	5.40357	9.29871e-09	4.84504	8471.36	8433.71	797.751	2811.24	265.917	0.0945907
284	Chromosome12	7681.36	2.0	1.13678e-10	6.39367	9.17555e-09	5.68492	9798.08	9737.14	1091.11	3245.71	363.702	0.112056
285	Chromosome12	7944.709999999999	2.0	8.98897e-11	8.04808	9.35051e-09	7.34178	5833.11	5775.66	816.659	1925.22	272.22	0.141397
286	Chromosome12	8631.820000000002	2.0	5.202e-11	7.29544	9.62382e-09	6.84179	3265.81	3239.37	414.711	1079.79	138.237	0.128022
287	Chromosome12	8350.27	2.0	6.27047e-11	5.41022	9.54488e-09	4.98469	4002.92	3985.09	377.419	1328.36	125.806	0.0947078
290	Chromosome12	8499.82	2.0	4.05492e-11	6.22461	9.70631e-09	5.86048	1992.7	1980.96	216.062	660.319	72.0205	0.109069
291	Chromosome12	9162.019999999999	2.0	3.7222e-11	5.63404	9.73016e-09	5.30436	1849.27	1840.33	181.55	613.444	60.5166	0.0986507
292	Chromosome12	10293.699999999999	2.0	6.69214e-11	6.0946	9.51472e-09	5.61983	3070.99	3053.63	326.047	1017.88	108.682	0.106774
299	Chromosome12	9324.75	2.0	3.63752e-10	7.79013	7.36343e-09	5.54688	21635.7	21436.0	2932.61	7145.35	977.537	0.136807
306	Chromosome18	3400.1899999999996	2.0	7.00217e-11	9.38547	9.496e-09	8.7199	3656.5	3607.55	596.286	1202.52	198.762	0.165288
307	Chromosome18	3734.7599999999998	2.0	1.08728e-10	13.6235	9.22754e-09	12.3645	5787.35	5624.52	1363.15	1874.84	454.385	0.242359
308	Chromosome18	4371.76	2.0	1.02408e-10	14.7447	9.2759e-09	13.4674	5007.17	4842.28	1274.39	1614.09	424.796	0.26318
309	Chromosome18	3796.17	2.0	9.38874e-11	13.5725	9.33319e-09	12.4629	4650.72	4520.84	1091.41	1506.95	363.803	0.241417
310	Chromosome18	4394.24	2.0	8.35022e-11	16.4825	9.41461e-09	15.3033	3956.2	3793.63	1122.46	1264.54	374.155	0.295881
311	Chromosome18	3111.87	2.0	1.37017e-10	15.5958	9.0337e-09	13.8685	18413.6	17735.6	4950.46	5911.87	1650.15	0.279126
312	Chromosome18	4032.0800000000004	2.0	1.59036e-10	13.5424	8.86838e-09	11.7977	8638.09	8397.92	2022.74	2799.31	674.248	0.240862
313	Chromosome18	4380.88	2.0	1.02351e-10	12.531	9.27002e-09	11.4143	4943.14	4825.39	1072.5	1608.46	357.501	0.222262
316	Chromosome18	3397.9	2.0	1.12433e-10	15.3695	9.2069e-09	13.9354	6492.48	6260.29	1720.78	2086.76	573.594	0.274873
317	Chromosome18	4377.77	2.0	1.59674e-10	14.419	8.8676e-09	12.5689	8120.4	7864.61	2022.07	2621.54	674.024	0.25711
318	Chromosome18	4212.09	2.0	1.18549e-10	15.0489	9.16244e-09	13.5753	6013.77	5807.53	1561.44	1935.84	520.48	0.268865
319	Chromosome18	3444.3799999999997	2.0	1.00508e-10	18.1831	9.30106e-09	16.682	5027.59	4776.53	1568.88	1592.18	522.959	0.328456
322	Chromosome18	3733.89	2.0	9.26644e-11	19.9411	9.36213e-09	18.4308	4518.88	4247.94	1541.18	1415.98	513.728	0.362807
333	Chromosome12	8572.72	20.0	8.68965e-11	7.0058	9.37179e-09	4.74837	4909.18	4872.53	598.772	1624.18	199.591	0.122887
334	Chromosome12	8309.07	20.0	1.56389e-10	6.84265	8.86688e-09	4.24046	8951.27	8887.51	1066.48	2962.5	355.494	0.119998
335	Chromosome12	8154.950000000001	20.0	8.78462e-11	9.23062	9.368e-09	6.82261	5129.35	5062.93	822.792	1687.64	274.264	0.162513
336	Chromosome12	8356.439999999999	20.0	7.84595e-11	6.6396	9.43231e-09	4.45681	5498.42	5461.54	635.747	1820.51	211.916	0.116404
337	Chromosome12	9412.539999999999	20.0	6.49599e-11	8.6033	9.5326e-09	6.37737	3018.61	2984.64	451.56	994.88	150.52	0.151295
340	Chromosome12	8503.92	20.0	5.29792e-11	12.729	9.62381e-09	10.4106	2605.19	2541.16	574.028	847.055	191.343	0.225892
341	Chromosome12	8749.3	20.0	3.51751e-11	7.24481	9.74698e-09	5.25734	1930.24	1914.83	243.421	638.278	81.1404	0.127124
342	Chromosome12	9436.509999999998	20.0	5.59213e-11	7.67457	9.59702e-09	5.55353	2677.64	2653.66	357.589	884.553	119.196	0.134753
349	Chromosome12	9284.59	20.0	3.37682e-10	8.13942	7.55548e-09	4.30546	19597.0	19399.6	2774.59	6466.53	924.864	0.143023
357	Chromosome5	8114.43	20.0	1.15534e-10	15.0685	9.18485e-09	11.9801	5746.1	5548.52	1493.83	1849.51	497.944	0.269231
360	Chromosome5	8400.650000000001	20.0	1.76736e-10	8.03536	8.72211e-09	5.163	9017.24	8928.71	1260.47	2976.24	420.156	0.14117
361	Chromosome5	8435.69	20.0	8.88907e-11	20.5173	9.39132e-09	17.3855	4320.9	4046.81	1514.43	1348.94	504.811	0.374229
362	Chromosome5	8793.390000000001	20.0	6.63523e-11	25.425	9.56209e-09	22.4052	3088.93	2789.76	1326.17	929.92	442.056	0.47537
367	Chromosome5	8444.05	20.0	7.89168e-11	22.547	9.46683e-09	19.4446	3782.33	3493.23	1450.3	1164.41	483.435	0.415176
368	Chromosome5	8742.09	20.0	8.98204e-11	17.5972	9.37488e-09	14.6343	4240.05	4041.64	1281.87	1347.21	427.289	0.317166
381	Chromosome11	8698.320000000002	200.0	1.32102e-10	23.3126	8.70125e-09	2.52031	6785.49	6231.52	2685.34	2077.17	895.113	0.430928
382	Chromosome11	8998.5	200.0	8.55707e-11	26.3679	9.03626e-09	6.39797	4251.82	3809.47	1888.37	1269.82	629.458	0.495706
383	Chromosome11	8764.69	200.0	1.1778e-10	34.0774	8.87474e-09	12.6548	5901.75	4888.31	3306.82	1629.44	1102.27	0.676475
386	Chromosome11	8884.19	200.0	1.0037e-10	23.2436	8.91828e-09	3.13896	5070.62	4659.07	2001.08	1553.02	667.027	0.429502
387	Chromosome11	9088.54	200.0	6.45961e-11	29.8469	9.19453e-09	10.167	3366.5	2919.96	1675.45	973.32	558.484	0.573793
388	Chromosome11	8997.94	200.0	8.51524e-11	29.2249	9.0493e-09	9.03832	4181.62	3649.34	2041.63	1216.45	680.542	0.559451
392	Chromosome11	8722.49	200.0	2.3114e-10	23.7251	8.02862e-09	1.175	12909.0	11818.1	5193.93	3939.35	1731.31	0.439491
393	Chromosome11	8707.95	200.0	2.08611e-10	21.1254	8.15514e-09	359.405	11421.3	10653.8	4116.37	3551.25	1372.12	0.386378
406	Chromosome2	2983.18	200.0	1.71572e-10	26.7388	8.42778e-09	4.15136	9469.0	8456.44	4260.33	2818.81	1420.11	0.503797
407	Chromosome2	3308.77	200.0	1.56939e-10	26.2841	8.53383e-09	4.07322	8399.9	7531.42	3719.67	2510.47	1239.89	0.493886
412	Chromosome2	3481.54	200.0	1.59219e-10	26.9028	8.5224e-09	4.70262	8574.94	7646.92	3879.97	2548.97	1293.32	0.50739
413	Chromosome2	3502.9700000000003	200.0	1.73634e-10	27.2825	8.42537e-09	4.61719	9195.86	8172.89	4215.18	2724.3	1405.06	0.515751
417	Chromosome2	3280.08	200.0	1.13937e-10	25.7615	8.81918e-09	4.64593	6167.73	5554.72	2680.65	1851.57	893.552	0.48259
432	Chromosome10	9303.33	200.0	8.60616e-11	31.1008	9.05379e-09	10.8823	4289.08	3672.57	2215.5	1224.19	738.501	0.603258
433	Chromosome10	9328.869999999999	200.0	7.31285e-11	36.1778	9.16183e-09	15.9899	3554.83	2869.42	2098.39	956.472	699.463	0.731295
436	Chromosome10	9035.310000000001	200.0	1.51705e-10	33.1038	8.65344e-09	11.1149	7908.57	6624.87	4319.32	2208.29	1439.77	0.651986
437	Chromosome10	9094.44	200.0	9.96007e-11	34.6057	8.98906e-09	13.7393	5044.73	4152.21	2865.03	1384.07	955.011	0.690001
438	Chromosome10	9082.3	200.0	8.63852e-11	31.5608	9.05422e-09	11.244	4396.4	3746.11	2301.09	1248.7	767.03	0.614261
441	Chromosome10	9032.36	200.0	1.71046e-10	38.7214	8.59293e-09	15.6328	8880.5	6928.54	5555.05	2309.51	1851.68	0.801763
457	Chromosome17	2676.58	20.0	1.27512e-10	14.8015	9.09891e-09	11.5238	12813.0	12387.8	3273.34	4129.27	1091.11	0.264239
458	Chromosome17	2558.51	20.0	2.29714e-10	10.9163	8.34977e-09	7.17028	20173.8	19808.7	3820.41	6602.9	1273.47	0.192865
461	Chromosome17	3267.87	20.0	1.52367e-10	13.2952	8.91573e-09	9.93708	10564.8	10281.7	2429.58	3427.23	809.859	0.236302
462	Chromosome17	3767.3700000000003	20.0	1.97959e-10	11.7616	8.58215e-09	8.17123	12661.3	12395.5	2580.88	4131.82	860.294	0.208212
463	Chromosome17	4126.12	20.0	1.68564e-10	11.4518	8.79272e-09	8.14614	9140.54	8958.57	1814.8	2986.19	604.932	0.202576
466	Chromosome17	3582.56	20.0	1.80019e-10	12.5405	8.7144e-09	9.02427	14245.7	13905.9	3093.17	4635.29	1031.06	0.222437
467	Chromosome17	4707.54	20.0	9.52837e-11	20.2454	9.34566e-09	16.9702	4559.12	4277.45	1577.65	1425.82	525.882	0.368828
475	Chromosome9	8973.37	200.0	1.11742e-10	19.5726	8.82071e-09	359.571	5692.23	5363.32	1906.9	1787.77	635.634	0.355545
476	Chromosome9	9257.44	200.0	1.33054e-10	23.7652	8.6964e-09	2.97482	6740.7	6169.12	2716.43	2056.37	905.477	0.440327
477	Chromosome9	7625.4400000000005	200.0	2.71411e-10	32.0678	7.86143e-09	7.37934	24298.4	20590.9	12900.5	6863.65	4300.18	0.626515
481	Chromosome9	8941.4	200.0	2.57235e-10	19.8801	7.80261e-09	357.643	14683.4	13808.4	4993.14	4602.79	1664.38	0.361602
482	Chromosome9	9287.67	200.0	9.26548e-11	33.339	9.03405e-09	12.7371	4576.63	3823.47	2515.27	1274.49	838.425	0.657851
483	Chromosome9	9592.09	200.0	8.51955e-11	34.1124	9.08057e-09	13.7554	4135.55	3423.99	2319.29	1141.33	773.097	0.677365
484	Chromosome9	9302.26	200.0	1.19505e-10	24.208	8.80257e-09	3.69106	6073.65	5539.55	2490.5	1846.52	830.168	0.449586
485	Chromosome9	8613.08	200.0	7.59339e-11	32.3747	9.1314e-09	12.2403	4342.84	3667.81	2325.39	1222.6	775.13	0.634
486	Chromosome9	9552.22	200.0	8.35098e-11	36.4598	9.10938e-09	15.983	4079.91	3281.37	2424.52	1093.79	808.173	0.738875
487	Chromosome9	9595.81	200.0	7.98055e-11	32.3455	9.10804e-09	12.2274	3896.82	3292.18	2084.89	1097.39	694.962	0.633285
488	Chromosome9	9262.859999999999	200.0	1.43713e-10	37.3439	8.74352e-09	15.1939	7244.03	5759.07	4394.21	1919.69	1464.74	0.763008
489	Chromosome9	8650.279999999999	200.0	3.17036e-10	15.811	7.34914e-09	353.642	19741.5	18994.6	5378.89	6331.54	1792.96	0.283179
491	Chromosome9	8969.93	200.0	2.47627e-10	20.5452	7.8806e-09	358.289	14023.5	13131.5	4921.47	4377.17	1640.49	0.374784
492	Chromosome9	8996.05	200.0	1.59846e-10	32.3012	8.59395e-09	10.171	8366.51	7071.8	4470.81	2357.27	1490.27	0.632203
493	Chromosome9	9287.550000000001	200.0	1.35198e-10	34.0104	8.76437e-09	12.3099	6851.82	5679.72	3832.53	1893.24	1277.51	0.674774
494	Chromosome9	9238.72	200.0	1.01187e-10	34.2378	8.98336e-09	13.3803	5054.6	4178.69	2843.87	1392.9	947.957	0.680565
501	Chromosome6	8801.240000000002	200.0	1.31567e-10	33.4944	8.78056e-09	11.8894	6698.47	5586.12	3696.59	1862.04	1232.2	0.661746
502	Chromosome6	8116.740000000001	200.0	9.59189e-11	39.6199	9.04869e-09	18.4974	5209.82	4013.08	3322.25	1337.69	1107.42	0.827856
507	Chromosome6	8795.08	200.0	8.64054e-11	36.2622	9.08994e-09	15.7389	4638.41	3740.03	2743.53	1246.68	914.51	0.733558
508	Chromosome6	9762.71	200.0	9.00235e-11	36.8469	9.06623e-09	16.1888	4351.62	3482.34	2609.57	1160.78	869.858	0.749373
509	Chromosome6	9097.15	200.0	1.3373e-10	35.6234	8.78009e-09	13.8523	6701.35	5447.28	3903.24	1815.76	1301.08	0.716548
510	Chromosome6	8471.56	200.0	1.48914e-10	34.5806	8.68361e-09	12.5062	8264.65	6804.52	4690.73	2268.17	1563.58	0.689354
511	Chromosome6	9150.730000000001	200.0	1.2979e-10	38.0681	8.83688e-09	16.2054	6554.89	5160.52	4041.73	1720.17	1347.24	0.783202
512	Chromosome6	9144.62	200.0	1.61807e-10	38.3592	8.64316e-09	15.5584	8277.38	6490.59	5136.86	2163.53	1712.29	0.791433
518	Chromosome6	8503.03	200.0	1.51821e-10	36.9797	8.69242e-09	14.6681	8258.22	6597.07	4967.58	2199.02	1655.86	0.752998
532	Chromosome10	9597.48	20.0	2.29679e-11	23.0028	9.84672e-09	20.8193	1027.62	945.907	401.568	315.302	133.856	0.424532
533	Chromosome10	9067.130000000001	20.0	1.93992e-11	24.2292	9.87233e-09	22.0787	906.553	826.696	372.039	275.565	124.013	0.450031
535	Chromosome10	9073.289999999999	20.0	3.60224e-10	9.35408	7.39774e-09	5.0829	21560.1	21273.4	3504.27	7091.13	1168.09	0.164726
536	Chromosome10	9062.93	20.0	8.62208e-11	18.4823	9.4021e-09	15.5258	4129.39	3916.4	1309.07	1305.47	436.356	0.334252
537	Chromosome10	9352.75	20.0	4.99964e-11	20.2378	9.65818e-09	17.7044	2310.62	2167.97	799.282	722.657	266.427	0.368677
538	Chromosome10	9332.35	20.0	4.67286e-11	19.5446	9.67948e-09	17.0714	2173.85	2048.59	727.241	682.865	242.414	0.354995
541	Chromosome10	8712.14	20.0	6.15792e-11	21.4497	9.58145e-09	18.6825	2964.63	2759.3	1084.12	919.765	361.372	0.392896
552	Chromosome7	8829.54	200.0	1.15687e-10	36.6927	8.90532e-09	15.2949	5942.87	4765.31	3551.0	1588.44	1183.67	0.745178
553	Chromosome7	8508.59	200.0	1.34723e-10	40.05	8.82536e-09	17.7777	6987.54	5348.85	4496.18	1782.95	1498.73	0.840588
556	Chromosome7	9150.77	200.0	7.77678e-11	35.5364	9.13903e-09	15.3108	3952.49	3216.32	2297.27	1072.11	765.756	0.714253
557	Chromosome7	9487.98	200.0	1.14287e-10	35.9436	8.90841e-09	14.6353	5657.59	4580.36	3320.94	1526.79	1106.98	0.72504
561	Chromosome7	8822.15	200.0	9.63838e-11	38.4506	9.03097e-09	17.3841	4787.77	3749.52	2977.22	1249.84	992.408	0.794029
562	Chromosome7	8866.64	200.0	1.04027e-10	36.7556	8.9845e-09	15.7573	5423.61	4345.37	3245.51	1448.46	1081.84	0.746888
563	Chromosome7	9488.259999999998	200.0	7.49682e-11	35.9296	9.15677e-09	15.7856	3669.93	2971.68	2153.48	990.561	717.827	0.724667
565	Chromosome7	8525.789999999999	200.0	2.30242e-10	22.2655	8.02167e-09	359.985	13129.2	12150.3	4974.65	4050.1	1658.22	0.409426
566	Chromosome7	8846.27	200.0	7.6323e-11	37.9163	9.15566e-09	17.5854	3852.37	3039.17	2367.32	1013.06	789.106	0.778936
567	Chromosome7	9086.73	200.0	1.19996e-10	38.5347	8.89744e-09	16.8475	5978.4	4676.49	3724.48	1558.83	1241.49	0.796425
577	Chromosome13	9301.39	2.0	7.44426e-11	8.04564	9.46219e-09	7.43498	5817.04	5759.78	814.164	1919.93	271.388	0.141353
578	Chromosome13	10433.6	2.0	1.08265e-10	5.46654	9.21368e-09	4.85957	5313.24	5289.08	506.163	1763.03	168.721	0.0956997
579	Chromosome13	10221.3	2.0	9.67722e-11	7.43351	9.29981e-09	6.73368	4739.03	4699.2	613.114	1566.4	204.371	0.130472
580	Chromosome13	9503.65	2.0	7.47801e-11	7.43291	9.45917e-09	6.85151	3803.84	3771.88	492.085	1257.29	164.028	0.130461
581	Chromosome13	10265.4	2.0	9.12431e-11	5.63302	9.3376e-09	5.08311	4499.97	4478.24	441.701	1492.75	147.234	0.0986327
582	Chromosome13	11053.800000000001	2.0	1.20928e-10	5.68271	9.12191e-09	5.00654	5782.29	5753.87	572.559	1917.96	190.853	0.0995085
583	Chromosome13	9918.19	2.0	5.80798e-11	9.82718	9.58267e-09	9.2354	2732.44	2692.35	466.365	897.45	155.455	0.173219
586	Chromosome13	9451.24	2.0	8.70413e-11	6.86461	9.36947e-09	6.25347	4778.02	4743.77	571.086	1581.26	190.362	0.120387
587	Chromosome13	10854.699999999999	2.0	9.87015e-11	6.20762	9.28408e-09	5.58564	4669.86	4642.48	504.96	1547.49	168.32	0.108769
588	Chromosome13	10393.6	2.0	4.70981e-11	14.4059	9.66733e-09	13.7388	2137.48	2070.27	531.781	690.09	177.26	0.256865
591	Chromosome13	9131.79	2.0	7.99063e-11	7.73256	9.42229e-09	7.10534	4090.05	4052.86	550.314	1350.95	183.438	0.135784
592	Chromosome13	10279.199999999999	2.0	1.28708e-10	7.55004	9.06852e-09	6.66711	6429.54	6373.8	844.791	2124.6	281.597	0.132541
593	Chromosome13	9526.060000000001	2.0	9.06802e-11	6.44591	9.3426e-09	5.84437	4941.01	4909.77	554.704	1636.59	184.901	0.112979
607	Chromosome20	3990.5	20.0	1.21742e-10	17.9411	9.15203e-09	14.447	5996.68	5705.08	1847.22	1901.69	615.739	0.323784
608	Chromosome20	4285.240000000001	20.0	8.09223e-11	18.6656	9.44004e-09	15.6824	4183.73	3963.67	1338.98	1321.22	446.327	0.337813
610	Chromosome20	3914.6800000000003	20.0	8.16296e-11	23.8841	9.45382e-09	20.5702	3867.22	3536.06	1565.79	1178.69	521.93	0.442806
611	Chromosome20	4218.2	20.0	1.09262e-10	18.6993	9.24298e-09	15.3413	6064.68	5744.55	1944.35	1914.85	648.116	0.338468
612	Chromosome20	5198.85	20.0	8.22145e-11	19.3104	9.43346e-09	16.2819	3878.03	3659.85	1282.41	1219.95	427.469	0.350398
613	Chromosome20	3729.9900000000002	20.0	1.1996e-10	21.9783	9.18429e-09	18.1754	5968.81	5535.03	2233.86	1845.01	744.621	0.403586
617	Chromosome20	4032.62	20.0	1.53171e-10	19.8515	8.94264e-09	15.7622	7980.23	7506.01	2709.95	2502.0	903.317	0.361038
618	Chromosome20	3787.31	20.0	1.29973e-10	20.7115	9.10817e-09	16.8796	7145.33	6683.54	2527.04	2227.85	842.347	0.378099
632	Chromosome20	4026.7099999999996	200.0	1.91916e-10	20.518	8.2336e-09	358.274	10570.6	9900.01	3705.01	3300.0	1235.0	0.374243
633	Chromosome20	4378.61	200.0	1.16806e-10	21.9257	8.7763e-09	0.907378	6496.59	6026.68	2425.85	2008.89	808.616	0.402518
635	Chromosome20	3832.64	200.0	1.31826e-10	23.6286	8.65689e-09	1.95708	6920.42	6340.23	2773.75	2113.41	924.582	0.437484
636	Chromosome20	4353.45	200.0	1.32949e-10	20.7139	8.64723e-09	359.66	7856.27	7348.43	2778.77	2449.48	926.258	0.378145
637	Chromosome20	5057.28	200.0	1.19744e-10	22.5697	8.7584e-09	1.55814	6176.22	5703.2	2370.47	1901.07	790.157	0.415639
638	Chromosome20	3861.8900000000003	200.0	2.0303e-10	21.3802	8.15542e-09	358.71	11303.6	10525.7	4120.79	3508.58	1373.6	0.391496
642	Chromosome20	3802.3399999999997	200.0	2.17972e-10	20.7777	8.06124e-09	358.128	13362.3	12493.3	4740.17	4164.42	1580.06	0.379418
643	Chromosome20	4366.13	200.0	1.94903e-10	22.2893	8.22556e-09	359.81	10731.6	9929.72	4070.31	3309.91	1356.77	0.409912
656	Chromosome15	2345.43	2.0	1.22834e-10	11.1509	9.11944e-09	9.96745	8371.19	8213.15	1618.94	2737.72	539.645	0.197115
657	Chromosome15	3295.15	2.0	9.10413e-11	12.1698	9.35005e-09	11.1785	4681.64	4576.43	986.932	1525.48	328.977	0.215655
658	Chromosome15	2712.17	2.0	7.56729e-11	16.6954	9.47031e-09	15.5962	4093.35	3920.8	1175.96	1306.93	391.985	0.299928
661	Chromosome15	2912.2599999999998	2.0	1.16848e-10	14.3781	9.17214e-09	12.977	9724.66	9420.06	2414.82	3140.02	804.941	0.256349
662	Chromosome15	3244.78	2.0	1.09791e-10	12.4836	9.21665e-09	11.3036	6742.85	6583.44	1457.54	2194.48	485.847	0.221395
663	Chromosome15	3281.7	2.0	1.34918e-10	13.3259	9.03979e-09	11.8368	7572.81	7368.91	1745.45	2456.3	581.817	0.236867
666	Chromosome15	2936.4500000000003	2.0	7.62535e-11	16.4555	9.46557e-09	15.3644	5496.81	5271.66	1557.08	1757.22	519.028	0.295369
667	Chromosome15	3405.24	2.0	1.86803e-10	13.2396	8.66845e-09	11.2625	11744.3	11432.2	2689.73	3810.73	896.578	0.235277
668	Chromosome15	3689.16	2.0	1.69872e-10	12.6147	8.78698e-09	10.8749	9355.29	9129.46	2043.13	3043.15	681.042	0.223795
682	Chromosome19	3249.42	200.0	1.80807e-10	19.5767	8.29062e-09	357.447	9948.12	9373.06	3333.29	3124.35	1111.1	0.355625
683	Chromosome19	3458.22	200.0	1.8244e-10	20.5199	8.29675e-09	358.249	9868.46	9242.31	3459.22	3080.77	1153.07	0.374281
685	Chromosome19	3495.8999999999996	200.0	1.85749e-10	18.9608	8.26469e-09	357.11	11689.5	11055.2	3798.16	3685.07	1266.05	0.343563
686	Chromosome19	3821.3500000000004	200.0	1.4881e-10	20.1417	8.53195e-09	358.568	8073.27	7579.54	2779.98	2526.51	926.659	0.366774
687	Chromosome19	3830.96	200.0	2.16707e-10	21.6616	8.06553e-09	358.779	12143.3	11285.7	4482.38	3761.91	1494.13	0.397172
691	Chromosome19	2666.6200000000003	200.0	2.08242e-10	20.8944	8.11314e-09	358.203	14441.1	13491.4	5150.36	4497.14	1716.79	0.38175
692	Chromosome19	3547.1299999999997	200.0	1.66909e-10	23.185	8.41997e-09	1.01414	9380.24	8622.68	3693.01	2874.23	1231.0	0.428291
693	Chromosome19	4099.36	200.0	1.76309e-10	20.3327	8.34904e-09	358.358	9474.85	8884.48	3292.23	2961.49	1097.41	0.37056
694	Chromosome19	3647.8399999999997	200.0	1.80554e-10	19.9841	8.31398e-09	358.031	11153.2	10481.6	3811.72	3493.88	1270.57	0.363656
697	Chromosome19	3142.29	200.0	2.14603e-10	20.5439	8.07675e-09	357.821	13171.5	12333.8	4622.2	4111.27	1540.73	0.374758
698	Chromosome19	3502.15	200.0	2.10996e-10	19.2349	8.06934e-09	356.636	11717.1	11063.0	3860.11	3687.67	1286.7	0.348921
706	Chromosome11	8671.66	2.0	8.51801e-11	9.59411	9.38696e-09	8.81954	4059.05	4002.28	676.512	1334.09	225.504	0.169032
707	Chromosome11	8933.5	2.0	5.04178e-11	8.32704	9.63632e-09	7.84246	2356.03	2331.19	341.207	777.062	113.736	0.146366
708	Chromosome11	8741.740000000002	2.0	5.69658e-11	9.84133	9.59067e-09	9.25353	2642.29	2603.41	451.621	867.803	150.54	0.173473
711	Chromosome11	8866.01	2.0	6.33379e-11	8.74876	9.54341e-09	8.16695	2990.95	2956.15	454.93	985.384	151.643	0.153893
712	Chromosome11	9054.03	2.0	3.36149e-11	7.79533	9.75745e-09	7.42681	1659.18	1643.85	225.043	547.95	75.0143	0.1369
713	Chromosome11	9033.37	2.0	3.77929e-11	10.4321	9.72921e-09	9.96648	1724.35	1695.85	312.228	565.282	104.076	0.184113
717	Chromosome11	8717.45	2.0	1.39781e-10	10.8611	8.99669e-09	9.57921	6968.13	6843.31	1313.0	2281.1	437.667	0.191866
718	Chromosome11	8790.560000000001	2.0	1.23944e-10	13.9499	9.12014e-09	12.5197	6032.28	5854.37	1454.22	1951.46	484.739	0.248399
732	Chromosome17	3560.61	200.0	1.90213e-10	16.2462	8.21566e-09	354.664	12054.9	11573.5	3372.54	3857.84	1124.18	0.291401
733	Chromosome17	3580.79	200.0	2.09564e-10	16.1421	8.0728e-09	354.177	12241.6	11758.9	3403.4	3919.64	1134.47	0.289432
736	Chromosome17	3568.44	200.0	1.90415e-10	17.3563	8.22154e-09	355.677	12653.4	12077.2	3774.66	4025.74	1258.22	0.312543
737	Chromosome17	3929.9500000000003	200.0	2.22265e-10	15.343	7.99299e-09	353.603	14976.0	14442.2	3962.58	4814.07	1320.86	0.274375
738	Chromosome17	4206.46	200.0	2.11338e-10	14.9223	8.0656e-09	353.391	12654.9	12228.1	3258.76	4076.05	1086.25	0.266497
741	Chromosome17	3873.2999999999997	200.0	2.07682e-10	16.6613	8.09893e-09	354.967	14575.1	13963.2	4178.87	4654.38	1392.96	0.299278
742	Chromosome17	3901.27	200.0	1.85257e-10	17.4127	8.26053e-09	355.771	11554.9	11025.4	3457.84	3675.13	1152.61	0.313625
756	Chromosome15	3236.8	20.0	1.21776e-10	15.9341	9.14373e-09	12.6057	6094.55	5860.38	1673.15	1953.46	557.716	0.285502
757	Chromosome15	2969.48	20.0	9.03439e-11	12.6022	9.35647e-09	9.8614	5082.44	4960.0	1108.89	1653.33	369.631	0.223567
761	Chromosome15	2989.22	20.0	1.74022e-10	15.6313	8.77243e-09	11.7658	13402.3	12906.6	3611.19	4302.19	1203.73	0.279795
762	Chromosome15	3567.83	20.0	1.20979e-10	13.141	9.13919e-09	10.0759	6520.3	6349.56	1482.38	2116.52	494.127	0.233462
763	Chromosome15	3568.65	20.0	1.654e-10	13.0672	8.82168e-09	9.58923	8832.41	8603.7	1996.95	2867.9	665.651	0.232104
766	Chromosome15	2770.99	20.0	1.00648e-10	12.4727	9.28286e-09	9.65447	8157.43	7964.9	1761.8	2654.97	587.267	0.221196
767	Chromosome15	3578.33	20.0	1.97839e-10	12.8851	8.58877e-09	9.13932	11698.9	11404.3	2608.81	3801.43	869.604	0.228757
768	Chromosome15	3328.23	20.0	2.00967e-10	12.4646	8.56401e-09	9.00204	12781.4	12480.2	2758.7	4160.06	919.566	0.221046
777	Chromosome8	8654.16	20.0	6.25318e-11	20.1172	9.57146e-09	17.3905	2976.98	2795.35	1023.91	931.784	341.302	0.366289
781	Chromosome8	8684.91	20.0	6.12209e-11	24.0576	9.59159e-09	21.1802	2851.35	2603.67	1162.37	867.891	387.456	0.446433
782	Chromosome8	8997.57	20.0	4.97128e-11	23.0289	9.66664e-09	20.3975	2316.34	2131.75	906.142	710.583	302.047	0.425069
783	Chromosome8	9329.83	20.0	4.33572e-11	22.9365	9.70931e-09	20.4149	1966.56	1811.08	766.392	603.694	255.464	0.423168
786	Chromosome8	8691.14	20.0	7.2374e-11	22.9293	9.51274e-09	19.9261	3462.47	3188.89	1348.96	1062.96	449.654	0.42302
787	Chromosome8	9474.26	20.0	6.54937e-11	21.8291	9.55635e-09	18.9925	2994.44	2779.73	1113.45	926.576	371.151	0.400561
788	Chromosome8	9343.220000000001	20.0	4.76368e-11	23.9664	9.68259e-09	21.3323	2143.5	1958.69	870.689	652.898	290.23	0.444525
792	Chromosome8	8733.240000000002	20.0	8.59771e-11	20.0437	9.40961e-09	16.9866	4117.45	3868.06	1411.2	1289.35	470.4	0.364834
793	Chromosome8	8731.08	20.0	9.0813e-11	15.9039	9.36226e-09	13.0338	4352.25	4185.66	1192.63	1395.22	397.542	0.284932
802	Chromosome13	9123.949999999999	20.0	5.49807e-11	15.1718	9.61372e-09	12.7864	5120.44	4941.97	1340.09	1647.32	446.696	0.271165
803	Chromosome13	9488.130000000001	20.0	1.33481e-10	8.45854	9.0371e-09	5.84908	8207.2	8117.92	1207.23	2705.97	402.409	0.148711
804	Chromosome13	9735.88	20.0	1.13222e-10	10.0224	9.18699e-09	7.4014	6113.4	6020.11	1063.94	2006.7	354.646	0.17673
805	Chromosome13	9146.91	20.0	7.92957e-11	9.93264	9.4312e-09	7.55629	4515.69	4448.01	778.913	1482.67	259.638	0.175115
806	Chromosome13	9372.07	20.0	1.01748e-10	7.5516	9.26504e-09	5.19872	6803.84	6744.83	894.154	2248.28	298.051	0.132569
807	Chromosome13	9134.22	20.0	1.37082e-10	7.07949	9.00787e-09	4.57716	11770.9	11681.1	1450.72	3893.71	483.572	0.124193
808	Chromosome13	8681.89	20.0	5.6142e-11	16.5463	9.60827e-09	14.0716	4103.7	3933.77	1168.7	1311.26	389.565	0.297093
811	Chromosome13	8856.08	20.0	8.89232e-11	8.3165	9.35904e-09	5.98348	7417.41	7339.41	1072.86	2446.47	357.621	0.146178
812	Chromosome13	10104.7	20.0	1.12233e-10	7.16193	9.18868e-09	4.78255	5737.63	5692.86	715.333	1897.62	238.444	0.125654
813	Chromosome13	8963.09	20.0	6.88108e-11	9.0124	9.50554e-09	6.75437	4191.17	4139.43	656.539	1379.81	218.846	0.158606
816	Chromosome13	8778.32	20.0	9.14716e-11	9.37114	9.34202e-09	6.94779	5273.47	5203.1	858.674	1734.37	286.225	0.165031
817	Chromosome13	8971.699999999999	20.0	1.571e-10	7.8412	8.86427e-09	5.32359	15263.8	15121.1	2082.41	5040.37	694.138	0.137716
818	Chromosome13	9099.94	20.0	1.17907e-10	7.0096	9.14662e-09	4.61403	8144.55	8083.67	993.925	2694.56	331.308	0.122955
822	Chromosome13	8677.21	20.0	6.2678e-11	9.91541	9.55053e-09	7.65733	4123.85	4062.25	710.102	1354.08	236.701	0.174805
832	Chromosome5	8509.990000000002	200.0	1.53459e-10	36.3915	8.66813e-09	13.9198	7850.97	6319.88	4657.98	2106.63	1552.66	0.737035
835	Chromosome5	8161.7300000000005	200.0	1.92168e-10	19.8243	8.25262e-09	358.49	10617.9	9988.67	3600.93	3329.56	1200.31	0.360501
836	Chromosome5	8413.779999999999	200.0	1.65944e-10	33.0194	8.55583e-09	10.6701	8895.88	7459.07	4847.56	2486.36	1615.85	0.649888
837	Chromosome5	8468.8	200.0	1.30227e-10	35.6193	8.80745e-09	13.938	6791.97	5521.22	3955.62	1840.41	1318.54	0.716439
842	Chromosome5	8477.33	200.0	1.55971e-10	34.0376	8.63451e-09	11.7827	8175.06	6774.43	4575.89	2258.14	1525.3	0.675465
843	Chromosome5	8855.49	200.0	1.51715e-10	31.5458	8.6353e-09	9.67228	7730.41	6588.03	4044.39	2196.01	1348.13	0.6139
857	Chromosome17	3466.4500000000003	2.0	1.19676e-10	12.7171	9.14666e-09	11.4273	6884.95	6716.05	1515.63	2238.68	505.21	0.225673
858	Chromosome17	3909.7299999999996	2.0	1.37691e-10	13.2106	9.01956e-09	11.7058	6868.96	6687.19	1569.77	2229.06	523.257	0.234743
861	Chromosome17	3785.38	2.0	1.19799e-10	12.0873	9.14387e-09	10.8502	6553.49	6408.2	1372.31	2136.07	457.437	0.214149
862	Chromosome17	3693.86	2.0	1.36899e-10	10.7896	9.01728e-09	9.53064	9183.96	9021.6	1719.27	3007.2	573.088	0.190572
863	Chromosome17	4514.99	2.0	1.38415e-10	11.3711	9.00813e-09	10.0429	6998.56	6861.18	1379.85	2287.06	459.95	0.20111
865	Chromosome17	2934.0499999999997	2.0	9.75123e-11	68.7049	9.72008e-09	64.7132	5253.8	1908.03	4895.08	636.011	1631.69	2.56551
866	Chromosome17	3859.33	2.0	1.33877e-10	12.4447	9.04413e-09	11.0525	8645.07	8441.95	1862.99	2813.98	620.995	0.220682
867	Chromosome17	4404.1900000000005	2.0	1.10666e-10	14.1818	9.2155e-09	12.8609	5563.89	5394.32	1363.14	1798.11	454.382	0.2527
876	Chromosome6	8044.629999999999	20.0	7.58404e-11	18.6133	9.47526e-09	15.767	3901.3	3697.24	1245.21	1232.41	415.071	0.336795
877	Chromosome6	8696.5	20.0	4.31745e-11	25.8868	9.71738e-09	23.2707	1978.5	1779.98	863.802	593.326	287.934	0.485288
882	Chromosome6	8938.99	20.0	4.48512e-11	22.9444	9.69913e-09	20.4073	2148.94	1978.92	837.736	659.64	279.245	0.423329
883	Chromosome6	9331.05	20.0	4.43583e-11	23.3935	9.70387e-09	20.8429	2036.92	1869.49	808.746	623.162	269.582	0.432603
884	Chromosome6	8960.32	20.0	7.39959e-11	20.4186	9.49348e-09	17.5154	3429.92	3214.42	1196.62	1071.47	398.873	0.372266
885	Chromosome6	8937.380000000001	20.0	7.87076e-11	20.376	9.46054e-09	17.4046	3705.39	3473.54	1290.14	1157.85	430.047	0.37142
886	Chromosome6	8335.42	20.0	6.14002e-11	26.2324	9.59776e-09	23.2833	3186.42	2858.25	1408.44	952.749	469.48	0.492763
887	Chromosome6	8713.71	20.0	7.30743e-11	25.1536	9.51643e-09	22.0394	3481.2	3151.08	1479.67	1050.36	493.224	0.469576
893	Chromosome6	8639.07	20.0	6.90313e-11	22.8594	9.53541e-09	19.9177	3307.27	3047.52	1284.78	1015.84	428.26	0.421582
906	Chromosome14	2301.71	200.0	2.09176e-10	13.6536	8.06932e-09	352.185	17976.9	17468.9	4243.45	5822.95	1414.48	0.242915
907	Chromosome14	2648.28	200.0	1.76182e-10	16.8773	8.30659e-09	355.111	10354.3	9908.35	3006.1	3302.78	1002.03	0.30339
911	Chromosome14	2672.0099999999998	200.0	1.82938e-10	26.9053	8.34747e-09	3.96385	13646.0	12168.9	6175.02	4056.29	2058.34	0.507444
912	Chromosome14	3498.21	200.0	1.65511e-10	29.2875	8.495e-09	6.60724	10466.9	9128.98	5120.33	3042.99	1706.78	0.560887
913	Chromosome14	2815.0499999999997	200.0	1.71473e-10	29.599	8.4537e-09	6.57518	13688.8	11902.5	6761.28	3967.5	2253.76	0.568056
916	Chromosome14	3153.13	200.0	1.29265e-10	29.9146	8.73839e-09	8.01377	9223.05	7994.26	4599.62	2664.75	1533.21	0.575365
917	Chromosome14	3836.06	200.0	1.48578e-10	29.7792	8.60752e-09	7.37597	8964.1	7780.35	4452.1	2593.45	1484.03	0.572224
918	Chromosome14	2882.9399999999996	200.0	1.45757e-10	30.3268	8.62883e-09	7.82466	9650.38	8329.82	4872.77	2776.61	1624.26	0.584979
922	Chromosome14	3157.24	200.0	2.21778e-10	27.9014	8.09306e-09	3.96168	12882.2	11384.7	6028.26	3794.91	2009.42	0.529505
932	Chromosome16	3901.22	20.0	5.55306e-11	14.8054	9.60909e-09	12.2804	2540.51	2456.16	649.194	818.721	216.398	0.264313
933	Chromosome16	3961.34	20.0	1.0182e-10	14.1195	9.27901e-09	11.1448	4776.69	4632.38	1165.25	1544.13	388.417	0.251544
936	Chromosome16	3828.71	20.0	3.841e-11	15.7502	9.7311e-09	13.4243	2046.61	1969.77	555.539	656.589	185.18	0.282033
937	Chromosome16	4576.63	20.0	5.11055e-11	17.277	9.64458e-09	14.7531	2495.34	2382.76	741.097	794.252	247.032	0.311025
938	Chromosome16	4603.9	20.0	4.28131e-11	15.5925	9.70033e-09	13.2139	2065.13	1989.13	555.094	663.044	185.031	0.279063
939	Chromosome16	4778.88	20.0	4.83589e-11	13.445	9.65814e-09	11.0639	2198.65	2138.4	511.214	712.799	170.405	0.239064
940	Chromosome16	4802.3	20.0	5.90034e-11	12.6109	9.58094e-09	10.1642	2700.55	2635.4	589.608	878.466	196.536	0.223726
941	Chromosome16	4607.17	20.0	5.15014e-11	12.9883	9.6345e-09	10.6042	2377.07	2316.25	534.249	772.084	178.083	0.230653
942	Chromosome16	4178.509999999999	20.0	4.61122e-11	13.3057	9.67372e-09	10.9631	2252.72	2192.25	518.459	730.751	172.82	0.236496
943	Chromosome16	3954.1900000000005	20.0	5.76713e-11	11.3767	9.58877e-09	8.98712	2766.94	2712.57	545.802	904.191	181.934	0.201212
944	Chromosome16	3452.18	20.0	7.4711e-11	12.5235	9.46877e-09	9.93012	3723.28	3634.7	807.356	1211.57	269.119	0.222125
945	Chromosome16	3348.96	20.0	1.05489e-10	11.5098	9.24561e-09	8.71531	5465.82	5355.91	1090.63	1785.3	363.542	0.203631
946	Chromosome16	3899.7000000000003	20.0	1.02303e-10	11.8974	9.26968e-09	9.09353	4949.37	4843.05	1020.36	1614.35	340.12	0.210685
947	Chromosome16	3894.45	20.0	5.43814e-11	21.3196	9.63036e-09	18.5712	2505.76	2334.28	911.017	778.094	303.672	0.390277
948	Chromosome16	2611.93	20.0	1.30505e-10	11.69	9.06684e-09	8.65112	8017.43	7851.13	1624.47	2617.04	541.489	0.206909
949	Chromosome16	3118.24	20.0	1.25257e-10	11.9651	9.10517e-09	8.95125	6547.83	6405.57	1357.47	2135.19	452.491	0.211921
952	Chromosome7	9109.800000000001	2.0	4.42835e-11	10.4369	9.68254e-09	9.92238	2036.8	2003.1	368.973	667.7	122.991	0.184201
953	Chromosome7	8876.88	2.0	3.91453e-11	10.7787	9.71979e-09	10.2933	1787.29	1755.76	334.253	585.253	111.418	0.190375
956	Chromosome7	8834.13	2.0	3.08157e-11	8.54733	9.7781e-09	8.17814	1556.68	1539.39	231.364	513.13	77.1212	0.150296
957	Chromosome7	9423.2	2.0	3.95558e-11	10.1697	9.71632e-09	9.69949	1800.39	1772.11	317.884	590.702	105.961	0.179382
961	Chromosome7	9078.349999999999	2.0	2.60871e-11	16.0644	9.81747e-09	15.5826	1169.92	1124.24	323.739	374.746	107.913	0.287963
962	Chromosome7	8823.94	2.0	3.61157e-11	10.9352	9.74163e-09	10.4697	1744.97	1713.29	331.02	571.096	110.34	0.193208
963	Chromosome7	9174.69	2.0	2.59078e-11	8.63042	9.8136e-09	8.29079	1231.74	1217.79	184.835	405.929	61.6115	0.151779
965	Chromosome7	9384.349999999999	2.0	9.29946e-11	10.324	9.33202e-09	9.44651	4337.41	4267.19	777.327	1422.4	259.109	0.182164
966	Chromosome7	9172.769999999999	2.0	1.99408e-11	15.1478	9.86002e-09	14.7518	906.468	874.973	236.869	291.658	78.9562	0.270715
967	Chromosome7	9095.03	2.0	3.83212e-11	13.5819	9.72848e-09	13.0268	1744.17	1695.39	409.593	565.131	136.531	0.241592
982	Chromosome19	3211.89	20.0	1.32409e-10	17.5919	9.07561e-09	13.9819	6707.78	6394.08	2027.33	2131.36	675.777	0.317063
983	Chromosome19	3566.1099999999997	20.0	1.32182e-10	17.4912	9.07669e-09	13.8896	6507.82	6206.92	1955.98	2068.97	651.994	0.315129
985	Chromosome19	3904.98	20.0	6.00595e-11	19.7749	9.58754e-09	16.9931	2749.7	2587.55	930.296	862.516	310.099	0.359528
986	Chromosome19	3566.9300000000003	20.0	1.05408e-10	16.6603	9.26158e-09	13.4834	5404.59	5177.72	1549.48	1725.91	516.494	0.29926
987	Chromosome19	4162.7300000000005	20.0	1.59127e-10	18.5619	8.89372e-09	14.5262	7905.9	7494.64	2516.68	2498.21	838.895	0.335798
991	Chromosome19	2743.25	20.0	1.32511e-10	18.5248	9.07928e-09	14.8331	8007.4	7592.51	2544.07	2530.84	848.024	0.335077
992	Chromosome19	3586.89	20.0	1.01971e-10	19.7679	9.29766e-09	16.4142	5193.43	4887.39	1756.48	1629.13	585.492	0.35939
993	Chromosome19	3888.79	20.0	8.11581e-11	18.1048	9.43686e-09	15.1469	4126.82	3922.5	1282.44	1307.5	427.478	0.326943
994	Chromosome19	4760.2300000000005	20.0	1.04261e-10	17.0974	9.27129e-09	13.9111	4981.22	4761.08	1464.47	1587.03	488.155	0.307591
997	Chromosome19	3540.69	20.0	1.16459e-10	20.0957	9.19879e-09	16.5026	5819.82	5465.51	1999.62	1821.84	666.541	0.365862
998	Chromosome19	4441.67	20.0	7.87943e-11	17.5788	9.45129e-09	14.6494	3617.89	3448.94	1092.66	1149.65	364.221	0.316811
1008	Chromosome3	8987.61	200.0	1.29322e-10	38.0326	8.84186e-09	16.3279	6771.27	5333.46	4171.84	1777.82	1390.61	0.782202
1011	Chromosome3	9260.88	200.0	1.71682e-10	37.2248	8.57468e-09	14.4427	8925.17	7106.83	5399.23	2368.94	1799.74	0.759725
1012	Chromosome3	8990.17	200.0	1.61096e-10	23.1499	8.50187e-09	2.03454	8535.65	7848.35	3355.69	2616.12	1118.56	0.427566
1013	Chromosome3	8309.78	200.0	1.12756e-10	26.4425	8.85994e-09	5.99031	7100.04	6357.24	3161.65	2119.08	1053.88	0.49733
1016	Chromosome3	8995.76	200.0	1.3516e-10	22.9486	8.69439e-09	5.29783	7081.77	6521.28	2761.22	2173.76	920.405	0.423416
1017	Chromosome3	9015.22	200.0	2.06966e-10	19.8801	8.15287e-09	358.37	11349.8	10673.4	3859.53	3557.8	1286.51	0.361602
1018	Chromosome3	8989.28	200.0	2.35696e-10	33.4765	8.12218e-09	9.38085	12901.6	10761.3	7116.43	3587.12	2372.14	0.661296
1031	Chromosome15	3004.05	200.0	1.98059e-10	15.835	8.15216e-09	354.048	11809.6	11361.4	3222.45	3787.14	1074.15	0.283631
1032	Chromosome15	3119.68	200.0	1.40786e-10	15.5048	8.56245e-09	354.596	8516.08	8206.17	2276.51	2735.39	758.837	0.277415
1033	Chromosome15	3393.25	200.0	1.91231e-10	17.0094	8.21236e-09	355.268	10886.0	10409.8	3184.46	3469.92	1061.49	0.305911
1036	Chromosome15	2876.95	200.0	1.87019e-10	19.1422	8.26507e-09	357.143	20347.1	19222.0	6672.09	6407.34	2224.03	0.347107
1037	Chromosome15	3910.23	200.0	1.89753e-10	18.084	8.23401e-09	356.229	10837.7	10302.3	3364.13	3434.11	1121.38	0.326541
1038	Chromosome15	3977.5499999999997	200.0	1.6332e-10	17.977	8.41424e-09	356.46	8766.2	8338.24	2705.56	2779.41	901.854	0.324477
1041	Chromosome15	3345.99	200.0	1.74331e-10	18.238	8.34852e-09	356.589	11671.5	11085.2	3652.78	3695.07	1217.59	0.329518
1042	Chromosome15	3939.3700000000003	200.0	3.72853e-10	14.4442	6.89703e-09	351.213	25779.8	24964.9	6430.42	8321.63	2143.47	0.257578
1043	Chromosome15	3119.24	200.0	3.17007e-10	15.651	7.31068e-09	352.728	27953.3	26916.9	7541.16	8972.29	2513.72	0.280165
1061	Chromosome4	8944.39	200.0	1.9065e-10	35.2618	8.43602e-09	12.1413	10174.9	8308.03	5874.1	2769.34	1958.03	0.70704
1062	Chromosome4	8904.67	200.0	1.91363e-10	35.0766	8.41779e-09	11.8813	10307.2	8435.22	5923.21	2811.74	1974.4	0.702201
1063	Chromosome4	9224.31	200.0	1.92093e-10	35.9594	8.43169e-09	12.6725	10077.6	8157.15	5917.68	2719.05	1972.56	0.72546
1064	Chromosome4	8901.94	200.0	1.99337e-10	31.7847	8.33158e-09	8.77291	10688.9	9085.91	5630.13	3028.64	1876.71	0.619656
1066	Chromosome4	8624.800000000001	200.0	2.30886e-10	36.8693	8.19053e-09	12.4255	13088.1	10470.5	7852.75	3490.18	2617.58	0.749985
1067	Chromosome4	8958.99	200.0	1.93442e-10	36.1914	8.42469e-09	12.8167	10339.8	8344.73	6105.51	2781.58	2035.17	0.73166
1068	Chromosome4	8923.550000000001	200.0	2.35163e-10	38.4629	8.18949e-09	13.7306	12858.1	10068.0	7997.85	3356.01	2665.95	0.794381
1076	Chromosome8	8370.57	200.0	1.00583e-10	35.5134	8.98758e-09	14.54	5330.06	4338.56	3096.19	1446.19	1032.06	0.713646
1077	Chromosome8	9382.04	200.0	1.24847e-10	34.8261	8.83634e-09	13.3452	6164.21	5060.13	3520.3	1686.71	1173.43	0.695694
1081	Chromosome8	8725.31	200.0	1.75764e-10	40.0667	8.57774e-09	16.7028	9104.93	6967.96	5860.65	2322.65	1953.55	0.841085
1082	Chromosome8	8728.77	200.0	1.02547e-10	34.9671	8.98077e-09	13.9962	5302.03	4344.92	3038.62	1448.31	1012.87	0.699352
1083	Chromosome8	9070.14	200.0	9.50407e-11	33.8732	9.02156e-09	13.1757	4735.23	3931.54	2639.21	1310.51	879.737	0.671293
1086	Chromosome8	8703.54	200.0	1.3972e-10	33.9206	8.73823e-09	12.1045	7301.63	6058.98	4074.63	2019.66	1358.21	0.672495
1087	Chromosome8	8740.609999999999	200.0	1.24536e-10	33.7628	8.83139e-09	12.4389	6472.59	5380.96	3597.18	1793.65	1199.06	0.668502
1088	Chromosome8	8735.009999999998	200.0	1.3835e-10	38.1826	8.77985e-09	15.9777	7025.8	5522.59	4343.14	1840.86	1447.71	0.786432
1092	Chromosome8	8733.890000000001	200.0	1.56218e-10	31.2889	8.6001e-09	9.29918	8196.01	7003.98	4256.63	2334.66	1418.88	0.607744
1093	Chromosome8	8755.78	200.0	1.3985e-10	31.3352	8.70352e-09	9.75325	7240.08	6184.04	3765.16	2061.35	1255.05	0.608852
1107	Chromosome19	3197.5299999999997	2.0	7.73768e-11	19.0357	9.46496e-09	17.7893	3751.4	3546.26	1223.54	1182.09	407.848	0.345024
1108	Chromosome19	3543.5699999999997	2.0	8.39219e-11	17.2259	9.41387e-09	15.9955	3977.42	3799.01	1177.87	1266.34	392.623	0.310046
1110	Chromosome19	3502.26	2.0	8.23903e-11	15.4031	9.41953e-09	14.3001	4565.9	4401.89	1212.74	1467.3	404.248	0.275505
1111	Chromosome19	3873.7599999999998	2.0	6.80774e-11	15.7599	9.52149e-09	14.7985	3286.28	3162.74	892.574	1054.25	297.525	0.282215
1112	Chromosome19	3857.4100000000003	2.0	1.03896e-10	19.293	9.28173e-09	17.6681	5051.17	4767.51	1668.9	1589.17	556.301	0.350058
1116	Chromosome19	2913.74	2.0	9.32552e-11	18.8148	9.35388e-09	17.3671	5097.22	4824.85	1643.9	1608.28	547.968	0.340716
1117	Chromosome19	4473.29	2.0	6.42739e-11	19.6702	9.55756e-09	18.5764	2944.18	2772.38	991.031	924.126	330.344	0.357466
1118	Chromosome19	3873.3099999999995	2.0	8.05094e-11	17.5685	9.43881e-09	16.3636	3925.9	3742.78	1185.01	1247.59	395.005	0.316613
1119	Chromosome19	3813.71	2.0	8.47722e-11	17.8729	9.40992e-09	16.5972	4424.33	4210.81	1357.86	1403.6	452.62	0.322469
1122	Chromosome19	3164.64	2.0	8.21171e-11	19.4613	9.43346e-09	18.1274	4285.97	4041.1	1427.96	1347.03	475.986	0.353359
1123	Chromosome19	2917.03	2.0	1.14292e-10	19.4115	9.20995e-09	17.6325	6066.39	5721.55	2016.17	1907.18	672.056	0.352381
1132	Chromosome10	9345.76	2.0	3.72813e-11	7.64255	9.73083e-09	7.25688	1724.54	1709.22	229.35	569.739	76.45	0.134184
1133	Chromosome10	8566.25	2.0	2.5094e-11	9.77304	9.82006e-09	9.41679	1303.9	1284.98	221.332	428.327	73.7775	0.172246
1135	Chromosome10	8747.71	2.0	3.82055e-10	9.19388	7.23774e-09	6.46057	24001.2	23692.9	3834.81	7897.62	1278.27	0.161855
1136	Chromosome10	8752.6	2.0	6.86987e-11	8.25882	9.50406e-09	7.6671	3368.9	3333.96	483.925	1111.32	161.308	0.14515
1137	Chromosome10	8720.75	2.0	3.88508e-11	8.87932	9.72032e-09	8.44962	1930.93	1907.79	298.047	635.931	99.349	0.156226
1138	Chromosome10	9981.48	2.0	2.93613e-11	6.92243	9.78781e-09	6.59636	1307.79	1298.26	157.622	432.752	52.5407	0.12141
1141	Chromosome10	9359.15	2.0	7.31394e-11	10.7355	9.47553e-09	9.98557	3382.99	3323.78	630.165	1107.93	210.055	0.189593
1155	Chromosome16	4297.92	2.0	2.42468e-11	10.9563	9.82677e-09	10.5778	1136.4	1115.69	215.985	371.896	71.9949	0.193589
1156	Chromosome16	5797.23	2.0	1.42073e-11	4.67571	9.8971e-09	4.44745	1036.21	1032.76	84.4674	344.253	28.1558	0.0817881
1157	Chromosome16	5410.28	2.0	4.17896e-11	10.9807	9.7011e-09	10.4633	2050.1	2012.56	390.501	670.855	130.167	0.194032
1158	Chromosome16	5121.3	2.0	3.799e-11	11.8292	9.72911e-09	11.3187	1884.41	1844.39	386.294	614.795	128.765	0.209443
1161	Chromosome16	3928.65	2.0	3.20242e-11	13.3054	9.77291e-09	12.8117	1706.55	1660.75	392.748	553.582	130.916	0.236489
1162	Chromosome16	4604.679999999999	2.0	3.43298e-11	12.4484	9.75581e-09	11.9533	1667.99	1628.78	359.552	542.926	119.851	0.220749
1163	Chromosome16	4831.53	2.0	3.92319e-11	12.0304	9.72035e-09	11.503	1825.49	1785.39	380.486	595.131	126.829	0.21311
1164	Chromosome16	4931.04	2.0	5.02071e-11	12.0164	9.64193e-09	11.3925	2298.07	2247.72	478.441	749.239	159.48	0.212856
1165	Chromosome16	4885.08	2.0	4.64436e-11	11.2327	9.66795e-09	10.6669	2123.83	2083.15	413.711	694.383	137.904	0.198599
1166	Chromosome16	4655.12	2.0	2.72549e-11	9.56338	9.80441e-09	9.18708	1251.71	1234.31	207.956	411.437	69.3188	0.16848
1167	Chromosome16	4286.889999999999	2.0	3.82707e-11	11.2565	9.72653e-09	10.7572	1894.53	1858.08	369.816	619.362	123.272	0.199031
1168	Chromosome16	4292.39	2.0	1.1044e-11	11.8006	9.92168e-09	11.5203	568.314	556.303	116.224	185.434	38.7412	0.208922
1169	Chromosome16	3534.93	2.0	5.31675e-11	11.8545	9.62057e-09	11.2096	2686.13	2628.84	551.805	876.281	183.935	0.209904
1170	Chromosome16	3609.0800000000004	2.0	9.76966e-11	11.3052	9.30038e-09	10.3156	4996.96	4900.0	979.577	1633.33	326.526	0.199914
1171	Chromosome16	3957.9200000000005	2.0	8.9772e-11	10.1468	9.35494e-09	9.29697	4376.34	4307.89	770.981	1435.96	256.994	0.178969
1172	Chromosome16	4018.2699999999995	2.0	5.45522e-11	12.6039	9.61173e-09	11.9168	2538.19	2477.02	553.856	825.675	184.619	0.223597
1173	Chromosome16	3842.3700000000003	2.0	1.34949e-10	11.0063	9.03202e-09	9.73885	6679.38	6556.52	1275.21	2185.51	425.07	0.194495
1174	Chromosome16	2377.1	2.0	1.31765e-10	9.89348	9.05186e-09	8.75658	11523.2	11351.8	1979.87	3783.93	659.958	0.174411
1175	Chromosome9	8560.32	20.0	7.80054e-11	12.5338	9.4457e-09	9.99671	3880.68	3788.19	842.164	1262.73	280.721	0.222313
1176	Chromosome9	9215.5	20.0	8.00119e-11	11.2646	9.42849e-09	8.78763	3739.41	3667.37	730.458	1222.46	243.486	0.199178
1177	Chromosome9	9211.689999999999	20.0	1.69075e-10	9.62972	8.78323e-09	6.62346	8444.06	8325.08	1412.52	2775.03	470.841	0.169671
1181	Chromosome9	8914.76	20.0	2.04831e-10	7.95864	8.51848e-09	4.94613	10682.6	10579.7	1479.09	3526.56	493.03	0.139805
1182	Chromosome9	8919.21	20.0	4.29779e-11	21.8397	9.70982e-09	19.3585	2045.06	1898.28	760.783	632.76	253.594	0.400775
1183	Chromosome9	9284.83	20.0	6.65691e-11	15.4244	9.53213e-09	12.8688	3129.83	3017.1	832.43	1005.7	277.477	0.275904
1184	Chromosome9	9574.56	20.0	7.7068e-11	11.6013	9.44981e-09	9.13697	3582.26	3509.08	720.391	1169.69	240.13	0.205294
1185	Chromosome9	9308.060000000001	20.0	3.92741e-11	18.6613	9.72956e-09	16.3258	1811.5	1716.26	579.629	572.087	193.21	0.337728
1186	Chromosome9	9262.94	20.0	4.02193e-11	22.4038	9.72975e-09	19.9586	1886.36	1743.98	718.951	581.326	239.65	0.412248
1187	Chromosome9	9546.939999999999	20.0	4.52493e-11	19.442	9.68916e-09	17.0052	2076.4	1958.01	691.137	652.669	230.379	0.35298
1188	Chromosome9	8915.009999999998	20.0	6.44763e-11	19.2301	9.5562e-09	16.5141	3036.52	2867.09	1000.12	955.697	333.372	0.348826
1189	Chromosome9	8913.08	20.0	2.31192e-10	6.88314	8.32428e-09	3.89664	12331.8	12242.9	1477.9	4080.97	492.633	0.120715
1191	Chromosome9	8869.609999999999	20.0	2.04995e-10	9.82595	8.52383e-09	6.53074	10757.8	10600.0	1835.88	3533.33	611.961	0.173196
1192	Chromosome9	8928.09	20.0	8.7921e-11	18.1611	9.39004e-09	15.1895	4210.08	4000.35	1312.24	1333.45	437.412	0.328031
1193	Chromosome9	9180.44	20.0	7.4734e-11	22.1977	9.49399e-09	19.2032	3505.24	3245.46	1324.29	1081.82	441.431	0.408045
1194	Chromosome9	9197.880000000001	20.0	4.77005e-11	22.0943	9.67812e-09	19.5309	2214.92	2052.27	833.105	684.091	277.702	0.405942
1202	Chromosome13	9219.46	200.0	1.16271e-10	11.8649	8.78199e-09	352.87	12143.9	11884.4	2496.83	3961.48	832.278	0.210093
1203	Chromosome13	9433.1	200.0	1.62931e-10	11.8287	8.44263e-09	352.229	12266.2	12005.7	2514.41	4001.92	838.135	0.209434
1204	Chromosome13	9149.73	200.0	1.44243e-10	13.6711	8.58325e-09	354.061	11597.4	11268.8	2741.02	3756.28	913.673	0.243239
1205	Chromosome13	9038.26	200.0	1.01517e-10	13.6172	8.88628e-09	354.276	6526.02	6342.58	1536.44	2114.19	512.147	0.242242
1206	Chromosome13	9080.17	200.0	1.28818e-10	12.4084	8.69164e-09	353.071	14922.8	14574.2	3206.58	4858.07	1068.86	0.220017
1207	Chromosome13	9099.36	200.0	1.74068e-10	12.059	8.36653e-09	352.265	18008.0	17610.7	3762.21	5870.22	1254.07	0.213633
1208	Chromosome13	8790.77	200.0	9.5405e-11	15.2378	8.92718e-09	355.816	7078.95	6830.08	1860.53	2276.69	620.176	0.272402
1211	Chromosome13	9506.179999999998	200.0	1.45139e-10	11.3821	8.57102e-09	352.026	8611.6	8442.23	1699.51	2814.08	566.502	0.20131
1212	Chromosome13	10757.5	200.0	1.36096e-10	12.7536	8.64387e-09	353.351	6950.24	6778.76	1534.33	2259.59	511.444	0.226344
1213	Chromosome13	9091.75	200.0	7.64374e-11	20.9369	9.0865e-09	1.4935	4731.38	4418.99	1690.71	1473.0	563.568	0.3826
1216	Chromosome13	9145.25	200.0	1.12117e-10	15.2866	8.81386e-09	355.719	6100.58	5884.73	1608.41	1961.58	536.135	0.273319
1217	Chromosome13	10097.0	200.0	1.73073e-10	12.2602	8.37488e-09	352.504	9595.22	9376.38	2037.56	3125.46	679.188	0.217308
1218	Chromosome13	9126.82	200.0	1.17064e-10	13.9385	8.77883e-09	354.521	8236.98	7994.45	1984.12	2664.82	661.374	0.248188
1231	Chromosome11	8679.119999999999	20.0	1.00002e-10	11.3115	9.28444e-09	8.66567	4818.93	4725.32	945.199	1575.11	315.066	0.200028
1232	Chromosome11	8987.27	20.0	5.34007e-11	13.2198	9.62159e-09	10.8865	2487.65	2421.72	568.895	807.241	189.632	0.234913
1233	Chromosome11	8732.55	20.0	7.0281e-11	15.5809	9.50619e-09	12.9608	3284.49	3163.79	882.206	1054.6	294.069	0.278845
1236	Chromosome11	8856.69	20.0	7.44185e-11	12.4947	9.47034e-09	10.0042	3538.43	3454.63	765.536	1151.54	255.179	0.221597
1237	Chromosome11	9130.49	20.0	4.16962e-11	12.2798	9.70438e-09	10.0958	2040.55	1993.86	433.994	664.62	144.665	0.217665
1238	Chromosome11	9008.7	20.0	4.2328e-11	16.5921	9.70532e-09	14.2622	1943.38	1862.46	554.944	620.819	184.981	0.297963
1242	Chromosome11	8698.150000000001	20.0	1.66066e-10	14.1021	8.82126e-09	10.5782	8448.25	8193.64	2058.42	2731.21	686.139	0.251221
1243	Chromosome11	8683.33	20.0	1.5651e-10	13.2584	8.88616e-09	9.92114	7866.24	7656.57	1804.07	2552.19	601.358	0.235624
1256	Chromosome18	3425.46	200.0	1.09092e-10	17.298	8.79285e-09	356.553	6143.79	5865.91	1826.8	1955.3	608.934	0.311427
1257	Chromosome18	4034.74	200.0	1.9995e-10	17.7615	8.15567e-09	355.876	11382.4	10839.9	3472.27	3613.29	1157.42	0.320323
1258	Chromosome18	4344.76	200.0	1.91032e-10	18.0502	8.22611e-09	356.226	10565.6	10045.6	3273.75	3348.55	1091.25	0.325888
1259	Chromosome18	4029.4900000000002	200.0	1.7275e-10	17.8071	8.34904e-09	356.129	9324.61	8877.88	2851.59	2959.29	950.531	0.321202
1260	Chromosome18	4064.2400000000002	200.0	1.6504e-10	19.1963	8.40731e-09	357.537	9050.03	8546.82	2975.7	2848.94	991.899	0.348164
1261	Chromosome18	4141.43	200.0	2.47003e-10	18.9052	7.83575e-09	356.203	15132.7	14316.4	4903.03	4772.13	1634.34	0.342477
1262	Chromosome18	3009.69	200.0	2.82364e-10	17.5713	7.5732e-09	354.573	45950.3	43806.4	13872.0	14602.1	4624.01	0.316667
1263	Chromosome18	4686.88	200.0	1.81328e-10	17.097	8.28169e-09	355.44	9624.41	9199.1	2829.49	3066.37	943.162	0.307583
1266	Chromosome18	3419.39	200.0	2.07998e-10	19.2167	8.10611e-09	356.814	13416.1	12668.6	4415.82	4222.86	1471.94	0.348565
1267	Chromosome18	4068.1	200.0	2.75599e-10	19.1561	7.6431e-09	355.928	16879.0	15944.4	5538.71	5314.79	1846.24	0.347377
1268	Chromosome18	4338.68	200.0	2.15947e-10	19.4096	8.05263e-09	356.948	12231.6	11536.4	4064.79	3845.47	1354.93	0.352344
1269	Chromosome18	3707.19	200.0	1.94533e-10	21.5408	8.21205e-09	358.921	10644.0	9900.55	3908.08	3300.18	1302.69	0.394733
1272	Chromosome18	2601.39	200.0	1.9224e-10	18.6736	8.21041e-09	356.522	17613.5	16686.3	5639.43	5562.09	1879.81	0.337968
1276	Chromosome8	8688.41	2.0	3.38591e-11	8.43032	9.75608e-09	8.04353	1574.2	1557.19	230.787	519.062	76.9291	0.148208
1277	Chromosome8	8018.11	2.0	5.48712e-11	7.12244	9.60305e-09	6.65877	2976.37	2953.4	369.04	984.467	123.013	0.124954
1281	Chromosome8	8425.62	2.0	6.30151e-11	11.3665	9.54919e-09	10.6666	3010.32	2951.27	593.286	983.758	197.762	0.201027
1282	Chromosome8	8727.56	2.0	3.75799e-11	8.47729	9.72917e-09	8.06649	1793.86	1774.26	264.445	591.419	88.1485	0.149046
1283	Chromosome8	9932.91	2.0	3.10677e-11	8.91404	9.77649e-09	8.53451	1379.36	1362.7	213.735	454.233	71.2449	0.156847
1286	Chromosome8	8712.269999999999	2.0	4.932e-11	9.99616	9.64587e-09	9.45986	2331.31	2295.91	404.673	765.305	134.891	0.176258
1287	Chromosome8	9334.36	2.0	4.80429e-11	8.68297	9.65375e-09	8.20099	2184.86	2159.82	329.842	719.94	109.947	0.152717
1288	Chromosome8	9399.85	2.0	3.17728e-11	14.4762	9.7759e-09	13.9637	1413.91	1369.02	353.446	456.339	117.815	0.258175
1292	Chromosome8	8710.05	2.0	7.55064e-11	10.0747	9.45748e-09	9.34245	3608.11	3552.48	631.173	1184.16	210.391	0.177671
1293	Chromosome8	8087.2699999999995	2.0	6.12338e-11	9.77513	9.55982e-09	9.15999	3250.13	3202.94	551.812	1067.65	183.937	0.172283
1308	Chromosome3	9284.09	2.0	3.01356e-11	14.1464	9.78714e-09	13.6601	1388.17	1346.07	339.269	448.691	113.09	0.252043
1310	Chromosome3	8979.51	2.0	1.53753e-10	13.4302	8.9056e-09	11.757	7663.31	7453.74	1779.88	2484.58	593.294	0.23879
1311	Chromosome3	9569.650000000001	2.0	3.9248e-11	12.9275	9.7212e-09	12.382	1775.98	1730.97	397.319	576.989	132.44	0.229536
1312	Chromosome3	10144.599999999999	2.0	7.7894e-11	8.35674	9.43774e-09	7.70441	3571.47	3533.55	519.064	1177.85	173.021	0.146896
1313	Chromosome3	9279.17	2.0	6.43174e-11	7.58618	9.53504e-09	7.0531	3024.49	2998.02	399.285	999.339	133.095	0.133183
1316	Chromosome3	9284.91	2.0	8.17918e-11	10.1323	9.41232e-09	9.3525	3864.37	3804.1	679.828	1268.03	226.609	0.178709
1317	Chromosome3	9006.48	2.0	1.34019e-10	8.76087	9.03264e-09	7.72772	6636.66	6559.23	1010.84	2186.41	336.945	0.154109
1318	Chromosome3	8061.66	2.0	1.02734e-10	13.5964	9.27013e-09	12.4072	5832.88	5669.42	1371.2	1889.81	457.067	0.241859
1331	Chromosome2	1569.65	2.0	6.92678e-11	15.7285	9.51301e-09	14.7541	5103.54	4912.45	1383.47	1637.48	461.155	0.281624
1332	Chromosome2	1656.57	2.0	6.01423e-11	16.9619	9.57986e-09	16.04	4710.23	4505.33	1374.14	1501.78	458.048	0.305004
1337	Chromosome2	1892.2099999999998	2.0	6.0439e-11	15.9923	9.57578e-09	15.1093	5114.39	4916.46	1409.06	1638.82	469.686	0.286601
1338	Chromosome2	1737.6999999999998	2.0	7.23999e-11	15.9976	9.49157e-09	14.9751	5575.1	5359.19	1536.48	1786.4	512.161	0.286701
1342	Chromosome2	2127.08	2.0	4.58407e-11	16.8448	9.67989e-09	16.1025	3133.61	2999.15	908.055	999.718	302.685	0.302771
1356	Chromosome2	1456.1200000000001	20.0	1.00152e-10	23.144	9.32414e-09	19.5801	6821.6	6272.6	2681.18	2090.87	893.728	0.427444
1357	Chromosome2	1549.3600000000001	20.0	8.1445e-11	22.8655	9.4512e-09	19.6318	5880.2	5418.13	2284.87	1806.04	761.623	0.421708
1362	Chromosome2	1717.9	20.0	8.00374e-11	24.2038	9.46594e-09	20.9226	6401.63	5838.88	2624.56	1946.29	874.853	0.449497
1363	Chromosome2	1575.75	20.0	1.03308e-10	23.622	9.30619e-09	19.9805	7292.92	6681.84	2922.28	2227.28	974.094	0.437347
1367	Chromosome2	1919.1700000000003	20.0	7.30274e-11	20.9323	9.50143e-09	17.9399	4817.64	4499.69	1721.17	1499.9	573.724	0.382509
1386	Chromosome4	8570.08	2.0	6.76005e-11	10.7297	9.51533e-09	10.0245	3354.64	3295.99	624.552	1098.66	208.184	0.189489
1387	Chromosome4	8946.5	2.0	6.87286e-11	11.0533	9.50776e-09	10.3232	3262.82	3202.3	625.555	1067.43	208.518	0.195346
1388	Chromosome4	9234.32	2.0	6.72495e-11	10.5631	9.51761e-09	9.86786	3123.25	3070.32	572.549	1023.44	190.85	0.186479
1389	Chromosome4	7960.69	2.0	7.84478e-11	12.9147	9.44166e-09	12.0014	4507.51	4393.48	1007.43	1464.49	335.81	0.229301
1391	Chromosome4	8888.0	2.0	8.37598e-11	11.4896	9.40067e-09	10.612	4009.77	3929.41	798.705	1309.8	266.235	0.203263
1392	Chromosome4	8935.109999999999	2.0	6.78145e-11	11.302	9.51469e-09	10.5668	3215.99	3153.62	630.271	1051.21	210.09	0.199856
1393	Chromosome4	8924.25	2.0	7.61785e-11	12.5714	9.45712e-09	11.6979	3605.89	3519.44	784.846	1173.15	261.615	0.223003
1406	Chromosome18	3725.73	20.0	1.12796e-10	10.806	9.1913e-09	8.00816	5681.33	5580.59	1065.16	1860.2	355.053	0.190868
1407	Chromosome18	4034.62	20.0	1.51589e-10	13.5895	8.92189e-09	10.1875	7827.5	7608.37	1839.17	2536.12	613.058	0.241731
1408	Chromosome18	5143.3	20.0	1.2556e-10	14.9077	9.11302e-09	11.6563	5997.08	5795.23	1542.82	1931.74	514.274	0.266223
1409	Chromosome18	4028.6699999999996	20.0	1.24247e-10	13.4674	9.11747e-09	10.3345	6118.59	5950.35	1424.97	1983.45	474.989	0.239476
1410	Chromosome18	4005.9500000000003	20.0	1.23457e-10	17.0106	9.13619e-09	13.5886	6284.66	6009.71	1838.57	2003.24	612.857	0.305934
1411	Chromosome18	3698.8	20.0	1.88373e-10	14.9085	8.66668e-09	10.9749	11936.4	11534.6	3070.94	3844.86	1023.65	0.266238
1412	Chromosome18	4022.7599999999998	20.0	2.1254e-10	13.9237	8.4888e-09	9.88542	11993.5	11641.1	2886.0	3880.37	962.0	0.247914
1413	Chromosome18	4587.72	20.0	1.37479e-10	13.4169	9.02278e-09	10.1741	6716.58	6533.26	1558.48	2177.75	519.493	0.238545
1416	Chromosome18	3115.89	20.0	1.54387e-10	15.797	8.91227e-09	12.1231	10503.5	10106.8	2859.38	3368.95	953.127	0.282915
1417	Chromosome18	3965.43	20.0	2.23616e-10	14.8264	8.41483e-09	10.5231	12647.0	12225.9	3236.24	4075.3	1078.75	0.264704
1418	Chromosome18	4020.67	20.0	1.6704e-10	14.7832	8.81769e-09	11.0972	9088.14	8787.31	2318.95	2929.1	772.984	0.263898
1419	Chromosome18	3740.64	20.0	1.38263e-10	17.5881	9.03481e-09	13.9171	6885.96	6564.06	2080.74	2188.02	693.581	0.31699
1422	Chromosome18	3397.56	20.0	1.41082e-10	16.3896	9.00903e-09	12.809	7633.6	7323.41	2153.95	2441.14	717.983	0.294118
