	ALL_ym	ALL_err	ALL_dist	ALL_Area	ALL_E_bis	ALL_cp_x	chrm
0	126.8488151809655	-0.139156601151243	-446.9980425013067	312580.4935997259	415.7409057680079	162.06180068008632	PS150221
1	225.76993932062632	0.9439522483511096	-366.50136425394106	1469040.4811068731	222.65883950405015	386.3514469413226	PS150221
2	255.1551497083801	0.9704405785449696	-286.00568176174403	2972859.6732043624	235.78759475183213	500.5948728612733	PS150221
3	465.8587778302383	0.9662450972526346	-206.848374419525	2159399.802666346	394.47693198839414	358.5498889953425	PS150221
4	807.5760950022928	0.9779801855478044	-126.3576273914638	1503826.0093538433	673.9030540946146	250.41773385665772	PS150221
5	962.5900129030528	0.9658178541264684	-45.89389937671455	1326023.76642507	889.9041141734443	213.06310489695784	PS150221
6	444.1893065621368	0.885001816140283	45.5	1170035.8223131993	872.3552583591288	204.28069384697108	PS150221
7	1184.7937055877117	0.9571881234138588	125.92954379334502	1173147.8793541477	1214.8796546633482	179.1236022515874	PS150221
8	156.78585534804043	0.845620659714227	206.41281452468013	1685155.7256215494	414.5053630657656	318.3236960086666	PS150221
9	209.28650363141867	0.9535882938387475	286.00568176174403	1317804.320690459	413.855477962519	288.6861188434125	PS150221
10	91.5018141313407	0.7555568851704964	366.50136425394106	1345590.1207450298	270.14500453029507	345.26404455266504	PS150221
11	403.09220248838255	0.8969117588951929	446.9980425013067	772510.8008029504	823.6668079866265	177.04603790927024	PS150221
12	5.704620433136827	-5.931188955730056	-602.3176072472064	260747.18909368315	55.283447436075015	337.8118043649821	PS150221
13	32.32430417277077	-0.9910393897672912	-521.8414510174522	511870.9550009077	95.7098971413944	355.22740990693603	PS150221
14	7.818813044709291	0.5384300736409948	-441.37342466442175	2809096.349298452	99.5774172028428	690.8556684306786	PS150221
15	68.17038593081281	0.590621106113745	-361.829379680534	2420343.2655810495	172.8587055809978	522.0346103859533	PS150221
16	253.34480176167477	0.8255557959645917	-281.4045131123522	1738920.5267040418	411.6789734243543	323.23131825957967	PS150221
17	369.7431219571277	0.9344551471467984	-205.9623752047932	943791.6941779515	1036.3963961965435	174.97061443941936	PS150221
18	358.9459742277031	0.9232615240567918	-45.03887209955418	804438.1698990336	1169.6000441821438	156.38933448129671	PS150221
19	374.22828950065485	0.8751445870055126	46.351914739307155	978246.7679977948	1021.493019521654	178.52959574941508	PS150221
20	282.771765600855	0.96008909627938	125.90671149704453	888692.8938651506	1102.7357348188316	166.6238318900206	PS150221
21	216.493219079712	0.8827857948243607	205.9623752047932	822601.5362254563	1059.100761165091	164.1821386828003	PS150221
22	1003.9264846683952	0.9494814032943196	281.4045131123522	1009659.0312139482	1286.519012174231	164.86498388397536	PS150221
23	823.2465813458249	0.99231112978011	361.829379680534	1361427.656956949	790.7902415824381	225.73469848816265	PS150221
24	566.2470781954856	0.9908695063722344	442.2810192626403	1333794.9728804447	588.3094450233556	252.01031450200185	PS150221
25	135.67630970690848	0.0280842763365035	522.7470707713244	1077554.0218849457	292.7358752808094	305.92167986125617	PS150221
26	470.09188327575635	0.9839829702078222	602.3176072472064	847764.411633839	930.2858728694988	175.02033724972227	PS150221
27	242.37246645485897	0.3412616231651592	-581.1613373238106	860992.7087428217	133.8617030475308	382.4390804216391	PS150221
28	127.09529235387076	0.8777619613595543	-494.7671169348262	4687162.774484256	159.15661375293703	702.8443408573794	PS150221
29	267.82823283875956	0.9864321606189336	-407.4193171659881	1628493.4632604043	306.420692603335	354.33347716515664	PS150221
30	95.09501218360202	0.6011245311125559	-331.5516551006796	1206928.338323171	507.6640394934906	256.84259404696377	PS150221
31	455.996394786099	0.9904375306523866	-244.4964212417024	903063.3232374628	803.2551239461985	190.3578951761166	PS150221
32	469.9692432764	0.9862065862935468	5.522680508593631	689990.3463297375	1061.731616843212	152.88198746805722	PS150221
33	704.6860922325201	0.9755790121643596	168.34042889335882	888997.3805385721	852.1048456967205	184.75150832459977	PS150221
34	278.12510933600737	0.7683978353290943	255.7000195541643	967246.1906855478	517.012601821722	233.36696269911977	PS150221
35	120.57649653060092	0.962727795153684	331.5516551006796	1333816.7191523542	432.1830277527779	285.0994594355449	PS150221
36	415.51496583773	0.933051884240911	418.90631410853666	1178890.0812945252	716.2722472485614	221.70888097808736	PS150221
37	125.82651099274122	0.7093719636994384	505.304363725468	724248.096044375	331.48805763237357	248.3091963280898	PS150221
38	210.98950823106463	0.9035304654208955	581.1613373238106	740287.304709142	878.932379931302	169.5910578504413	PS150221
39	5.769735970680197	0.362252057339313	-833.4776541695644	235041.63301128385	34.62155689001238	390.79076763974786	PS150221
40	9.931076473290018	0.5486841781384609	-757.6681331559353	227101.69699295735	115.05266395488708	238.42648399385735	PS150221
41	11.930133710891104	0.4053226682304318	-666.6963326732794	223246.35726066664	137.89802598572692	220.2498122842304	PS150221
42	14.056616833857984	0.8633363374003395	-580.6694412486333	1256465.0659798272	43.214517035665494	699.2513539995672	PS150221
43	131.8177323366462	0.4548610203074276	-489.3107397145499	2327851.8446904854	215.32907605906937	470.7237143417043	PS150221
44	234.51714805058515	0.978509319169387	-397.96607895648594	1266174.389373304	517.6398642594716	259.78336519154936	PS150221
45	224.50762759360236	0.9779046683338324	-311.0771608459869	775904.0048619561	870.1710823358551	173.50274609281223	PS150221
46	1244.406729149304	0.9923380613952214	216.33307652783935	1005038.8579021982	1401.1665280064217	159.03849374218964	PS150221
47	652.9317145028757	0.992992888162708	307.58413483143113	1500760.3033428043	671.393591999325	250.58707735133555	PS150221
48	47.019376618146765	0.8432100448194527	393.7829351305107	1117645.258692163	302.0610954099188	306.55520118809545	PS150221
49	4.875781194978711	-1.6364387673735417	485.0247416369602	994127.265362427	181.6472028028461	358.5174695058404	PS150221
50	215.224666409387	0.8672547730786964	575.960068060278	1150246.7207244972	467.94893530004066	260.29272515253035	PS150221
51	348.10972854021367	0.9454169639817912	663.0671157582767	784268.500021193	634.1765836798583	197.75471277431393	PS150221
52	18.949964783018466	-0.1136959567916409	754.3328177933133	263556.0202551829	305.77074521391916	171.16533637443956	PS150221
53	7.307602722233871	-2.4059289876459733	833.4776541695644	221676.70948122384	91.47703131693378	258.81426874662293	PS150221
54	14.270233366249457	0.7046361315802322	-795.908600280208	216598.54970654313	82.53554194217244	267.19653936722955	PS150221
55	19.1040785409472	-2.279709650206569	-543.6676374403759	1233246.7210681434	36.09852066196337	745.8461290989849	PS150221
56	185.0123740930821	0.8642165841894938	-463.2607257258055	3773296.011432109	172.78412849333307	623.6082127166786	PS150221
57	301.1472117682319	0.9870365017949202	-371.8743067220428	1422434.527111858	521.1115657167064	271.4348729890547	PS150221
58	1290.2609709088154	0.9787503695843416	-292.42520411209426	1168958.788156653	1080.2663244068242	187.4702502685035	PS150221
59	764.602080210318	0.976153807614391	126.38235636353676	855452.3300440607	1366.9273002791754	150.5931344043787	PS150221
60	655.6743332664838	0.9356488894845152	216.8328849598234	973770.4192101208	1161.060428303561	169.30341402850604	PS150221
61	422.2453353252837	0.867586990712367	297.2885803390369	1471228.8352930574	786.1170098533313	233.40073968340255	PS150221
62	619.3697508215907	0.9719086953035526	377.7624915207967	1360662.2478093526	689.3379115601433	238.4252697482424	PS150221
63	222.31942776099868	0.9677168214298566	469.1018013182213	1167360.016106605	390.5268366010785	281.4793803941352	PS150221
64	141.29792468888044	0.7692325576856024	549.5711964795826	1135530.3534916637	433.3110250488606	267.04510248147506	PS150221
65	39.27306758910458	0.7565275239752518	640.9153610267116	1185481.7812784838	307.98276401807163	311.4385745022861	PS150221
66	5.363312190783232	-1.6059629424142448	720.4765783840583	399178.426732677	39.93613109654036	456.18966629854367	PS150221
67	6.042402625896114	-1.9664865448659872	795.908600280208	208585.9336296661	39.80062184643284	352.3571415843992	PS150221
68	8.176112312630833	0.8477971546400176	-756.2397106738048	221988.18368100835	13.650271062126452	554.2432939537321	PS150221
69	18.138761599820867	0.8052307482337486	-681.0657090178597	204817.16993887955	72.92826865298674	274.5447840938757	PS150221
70	39.617197416187686	0.6598118129231743	-596.2704923103272	228996.52234366804	167.72192928201477	205.74089712034595	PS150221
71	84.978533454237	0.8622293810559378	-523.2881615324391	634795.2705725498	59.84530120600011	467.16087617954537	PS150221
72	139.02940344025723	0.9589358023082524	-438.5230894719228	2030589.2287691692	79.09930061969214	665.2804907501661	PS150221
73	241.99746912932872	0.9349163036245632	-364.55520843899626	2216704.744087367	76.32937933497303	698.9264274207231	PS150221
74	169.5569562926235	0.9655162029862524	-279.7364831408302	4968112.1818785705	144.95890666655205	746.7987972245488	PS150221
75	154.1581250668277	0.9143051868247372	-194.94742881094896	1801060.412700848	371.8421234564224	341.4230925644308	PS150221
76	192.54716222342591	0.9787812668031808	-121.98565489433584	1104856.6863324058	690.5218210924476	219.2181107404541	PS150221
77	254.6982808716574	0.9827959108681196	-37.63641853311763	866639.2146712397	816.7027676831951	186.00933404120713	PS150221
78	139.15234630953356	0.9598876214331904	38.268786236304905	827513.7131258317	908.787033319848	174.96462295444996	PS150221
79	247.2173594010886	0.9684409952708422	121.78875153313626	991543.3840818598	939.5159140858234	185.60430544799	PS150221
80	863.7181724572255	0.9731913729514964	194.7626760958064	1378859.6099342855	859.2051353289088	219.47966500867145	PS150221
81	620.545003375629	0.9561121095560462	279.5648404216811	2679408.4220517837	458.5691662676911	368.02611868611586	PS150221
82	297.6667276272131	0.9943395830898412	364.3905871451676	1995146.8312128228	262.14392823800085	409.07132554530983	PS150221
83	61.312194826439914	0.9246271875760176	439.5048350132226	1667464.5597657503	196.30653829076036	427.4386142402642	PS150221
84	14.82391080944928	0.8118873725350992	523.2881615324391	2003042.3005566776	175.34680653156525	481.218060309344	PS150221
85	166.81585073349197	0.9562525104797112	596.2704923103272	1371148.9541202108	352.28489107115064	312.82486219021075	PS150221
86	92.18092176045565	0.9237546954995358	681.0657090178597	492501.4690762171	327.97888934938885	213.72221668492875	PS150221
87	13.216940452246666	-0.0305881404102585	756.2397106738048	211050.2041199151	58.998568675365185	302.4424409707432	PS150221
88	16.398397149566392	0.068349087559537	790.3519785513288	184061.40231853095	53.330108454291135	298.1405978631607	PS150221
89	25.296153234484205	0.7568605565041129	718.9382796874847	255774.93956391775	169.99913871725337	213.88952797138143	PS150221
90	367.7812616113032	0.9793740031469488	634.0885190570793	884224.2862475277	274.3861525397016	290.07153544753976	PS150221
91	184.9846910099483	0.9382849940379956	549.2397017696372	1995301.8193072372	234.20015407703423	427.95054423689805	PS150221
92	47.93741371974149	0.700491222851606	465.3839812455946	2422789.187725036	148.22246958931692	555.3741313151734	PS150221
93	182.0343043878682	0.99156768513374	380.5394197714608	2341830.7594433823	286.9287396831464	420.66617860920985	PS150221
94	205.67692229568468	0.9699752709734732	295.6995941830154	1711197.7746058963	268.8215332593559	380.85483673103965	PS150221
95	373.4922666684304	0.9785476031751368	210.87022075200665	1595369.4939418046	445.3737223471867	302.60750286356654	PS150221
96	528.8627633083541	0.9731640504201318	126.07239983438087	1381379.408940371	603.4829788019614	252.97883907712037	PS150221
97	907.6878233696884	0.9779871320353328	42.5	848569.4670431619	848.3196041141721	181.6670538898161	PS150221
98	1675.7085733219778	0.989912395486094	-114.13259832317848	974540.1281388948	1250.3777253651056	164.41006969157797	PS150221
99	864.4310155661311	0.9857487980237052	-198.95288386952325	1915016.885503506	612.0292706075742	286.6719364398248	PS150221
100	466.4596858518024	0.8636798899794179	-283.7926179448648	4846166.827652825	148.464661656028	732.3777153962491	PS150221
101	91.25549443483798	0.8247924414782659	-368.63837293477735	2097482.934928016	79.89938553386898	671.2541950504205	PS150221
102	24.84153518969313	0.9362691176547704	-452.4955800889109	724407.4618058045	46.991151379577346	542.5149940527588	PS150221
103	16.54406719238896	0.967597331898842	-537.3455592074806	346928.25656372565	33.92187807337813	460.3932292876853	PS150221
104	17.078503730672324	0.895220521756124	-622.1963114644766	319775.9875387417	30.27055518962341	466.39641030891096	PS150221
105	12.243319738288324	0.8890548426988867	-707.0475585135698	294740.5519080656	31.06195730858946	446.7961721923961	PS150221
106	12.699961270616214	0.8414522700706062	-790.3519785513288	282929.34855769	30.904749220045566	440.4393616310598	PS150221
107	14.739724001770098	0.7438310732691404	1024.3613864257086	302557.6243293291	31.061273207806575	451.50290956826893	PS150221
108	13.376289136747948	0.7763640052230809	917.4618520679757	259146.11375334152	39.344475436447865	386.09074439296785	PS150221
109	24.971002193317062	0.7830705858986735	809.5901741004519	347704.4083636997	113.34014014867424	284.4170285520928	PS150221
110	53.7932630419348	0.8715225076132671	701.1421039988969	674755.511394615	62.77177223317472	469.6537932024805	PS150221
111	87.12057675311615	0.8896643766161936	593.2590075169529	1017332.7539187731	55.00741172492158	583.5011829953131	PS150221
112	109.68494313485849	0.9669301863156546	485.4279040187121	1708205.7149759475	68.16213575699508	658.9065221577915	PS150221
113	181.87101508001692	0.9329120507859486	377.92889542875656	3119697.2927488633	128.95857217786113	649.6656581264153	PS150221
114	178.5054795629604	0.9715686251613572	270.10044427953096	1589055.4706151003	199.98124408545104	416.1835697510981	PS150221
115	363.308957320252	0.9377614691265784	162.5	1606814.0002531812	316.4987204690202	347.906444530562	PS150221
116	495.2178100038263	0.9028777527047864	53.83539727725616	1385462.2627438186	398.29933421894606	299.0742775929433	PS150221
117	568.1398279485238	0.8795308412886725	-53.83539727725616	1276630.5097586697	521.5824979546815	259.84950743448667	PS150221
118	573.0179195228694	0.9101770777058236	-161.6114166759267	1236261.4938188768	461.60538956751515	269.37718038901005	PS150221
119	416.64238858510754	0.903000985326533	-269.56678207820784	1753387.4893273136	349.21080442969037	346.37066763905534	PS150221
120	216.34250901100208	0.8538478438218471	-377.5476791082154	2832612.1137833954	102.38531999944476	685.495772209573	PS150221
121	39.33786309822529	0.9064707443549036	-484.8342500277801	940400.3850925782	43.04666207815193	623.6979851618446	PS150221
122	18.6257593584276	0.8011649208175985	-592.773354664327	348403.608498647	35.47457188491341	452.9927035160489	PS150221
123	19.005979372107973	0.8203220234059425	-700.7312252211971	261607.5589127354	42.86850076594899	374.481020337798	PS150221
124	8.761412412519554	0.8590899788632005	-809.0563948205341	257714.83134470036	26.12949753596125	453.76224293761686	PS150221
125	12.508406802198076	0.9038981417289316	-915.9914027980832	226630.16280159255	32.97550756945633	392.7132033470691	PS150221
126	9.81080510285355	0.7770239491632671	-1024.3613864257086	222877.31122384325	28.98472595279354	410.75577557438896	PS150221
127	10.557290683038826	-0.2608936713953589	1143.6339012113972	223291.37164480175	24.32001078306943	440.94892232442373	PS150221
128	14.404374348072814	0.6373250980454496	1011.6513727564452	161758.44995404876	111.52655470391998	210.7756757825614	PS150221
129	18.563805459221783	0.5137378402524451	891.6717445338279	178785.53510083057	145.1905550197691	197.41612336825577	PS150221
130	46.24101919945302	0.5632412346521581	772.6981946400548	235132.5234187016	131.16099899015754	229.41838052243045	PS150221
131	38.94599394371382	0.6633800772057706	652.7346321438752	399016.9873468668	55.640797451175224	399.45165973688256	PS150221
132	46.149820703868386	0.9523218118807348	532.5284029983753	748894.5618941591	40.20591997377099	585.1635734946003	PS150221
133	100.23079060472745	0.9546815352441972	412.5366650371819	1667139.0334280746	66.64472862563306	658.4266801123738	PS150221
134	114.18995644226004	0.8608050041891183	293.5515286964113	1481463.17971072	185.43285878763083	417.0870266330172	PS150221
135	444.592343290934	0.9900834751941914	173.58715390258578	853834.2274826627	847.3177614028475	182.20316396416888	PS150221
136	934.4775324712862	0.9946069118003444	53.781967238099426	812051.2406546166	1238.1113381347684	153.44562398296387	PS150221
137	817.176001609042	0.9650219389233488	-65.82172893505609	786529.1497636009	1133.0739142382924	156.96674294615332	PS150221
138	576.1735209645208	0.9796039121935334	-185.61384646625908	863430.9691926537	915.1383268598998	177.4685353593502	PS150221
139	637.8783614427151	0.9685291979195734	-305.5691411121221	1047269.2424843723	811.620534267801	201.1440281706923	PS150221
140	325.8206684390281	0.9243025156960424	-425.549644577457	979919.982503855	561.9487284344988	226.89377591067185	PS150221
141	600.7243101511813	0.9809295501210772	-544.5387956794264	1138268.9098718455	613.7437093209459	232.55631772251775	PS150221
142	1130.9764116260528	0.9184183272964423	-664.7303964766468	1414670.860009656	689.1660703392855	242.1907891106956	PS150221
143	179.1615773412198	0.983689008261351	-784.6951637419463	1711488.411675362	162.50933503808233	465.82551636446215	PS150221
144	21.481498946395597	0.8580515445648146	-904.6692765867537	320440.8461461639	38.964949021671416	421.94371001517607	PS150221
145	14.948526948764048	0.932646868744381	-1023.6495982512766	264910.93029802764	40.31453410973849	385.7272377053655	PS150221
146	15.918883490449248	0.8954459456736479	-1143.6339012113972	237994.88860324284	40.91963729909541	367.34941780512975	PS150221
147	10.257856934198244	-0.3622882269709306	1077.5668192738676	199866.20416009243	33.926339109874355	369.2376348801232	PS150221
148	11.734763592242548	0.6334944746183153	969.5	205836.1500370983	34.064435247370774	373.00374912362906	PS150221
149	25.00491899022867	-0.4115589450569705	862.5	157652.69172731417	130.38444224939695	195.9815828085792	PS150221
150	40.43768174337894	0.7591159114451652	634.5	566505.2297799443	199.66754267205215	275.66624742607416	PS150221
151	51.157641717514025	0.5283192523309286	514.5	1791219.9328760954	174.4644118111014	461.107131757223	PS150221
152	182.57457145351435	0.9782126369827304	407.5	2010488.5729789871	288.08404635006667	395.1281530439179	PS150221
153	313.14590095674544	0.973000181973758	287.5	1742396.5388519152	481.75724940190014	303.77533651764054	PS150221
154	1115.3767446221573	0.9811851885522436	179.5	1138265.6762734351	1201.5945160078163	177.7539642970164	PS150221
155	1232.324449961637	0.9756014199041314	-47.5	913712.6966886516	1256.3189352114357	159.92225902468692	PS150221
156	662.1582383553042	0.950780616272362	-167.5	873197.2563581056	937.2416905474286	176.57504259133634	PS150221
157	883.3024586496281	0.9808088046275198	-275.5	1003008.9445573566	890.3227658244958	190.5144604540252	PS150221
158	1623.5187684788973	0.9659550248059636	-395.5	1124588.4829837645	1152.9148066292266	179.84715830617756	PS150221
159	353.9825147979105	0.914469806316954	-502.5	976610.759949662	574.2592316093511	224.63137832905568	PS150221
160	298.520329671004	0.0989385940731379	-622.5	1516297.7994694074	469.7913007674653	290.2530739240051	PS150221
161	457.3823998534269	0.9630065218698022	-730.5	1833253.9824618923	355.1091627607685	350.2428818401463	PS150221
162	14.215110062509993	0.9450135579768574	-850.5	467174.6804905571	43.109547368676054	471.1805425240508	PS150221
163	9.604634120190331	0.7964837472103152	-957.5	273731.6934868039	30.3590675458588	437.7636295584218	PS150221
164	13.673680866117383	0.921329007814915	-1077.5668192738676	288399.9540609968	32.19645467251296	436.6162228064786	PS150221
165	9.446457432451446	-1.0692900238200669	951.5189173106334	184294.8733983444	49.6061924116031	307.05484789468926	PS150221
166	29.01797657106049	0.297757358094052	844.5213141182406	163921.0475967383	180.43046602700403	174.8054441546616	PS150221
167	13.56997346951216	-0.1519002102149604	748.5240477098915	190940.48625524668	83.05477165609818	253.41854229046896	PS150221
168	20.7624110266809	0.7686337621910231	652.5275856237804	220852.9807336896	45.85566784821496	340.65056298997047	PS150221
169	33.587321654392845	0.8237978861631183	544.5330568477914	228400.92544446475	83.66176673713633	271.4521871723829	PS150221
170	130.92764448507828	0.9474825618388224	449.5400427103241	438529.7797906618	187.6352676093081	255.09318844968675	PS150221
171	99.0921392258652	0.8908485055528945	353.5509157108775	1384833.2280979934	219.51942361038684	379.4851824752302	PS150221
172	298.0525647409394	0.9776008151529744	245.57330881022065	2060071.9882411864	368.7253865179911	361.4903906423949	PS150221
173	519.6713295111773	0.9845161412167082	149.62035289358195	1755640.439809671	545.8803461213457	289.84129487353744	PS150221
174	420.9771257653168	0.961621112825853	53.83539727725616	1630612.740229106	451.0229445168048	303.7287426477486	PS150221
175	652.5145450417397	0.9522224297086692	-53.83539727725616	1743606.931275861	523.1297249340255	294.0090438589581	PS150221
176	227.5876489582562	0.9273900147689248	-149.62035289358195	1402059.5999107084	503.7460930496016	273.55643035979233	PS150221
177	50.55848424405672	0.8195023124458103	-245.57330881022065	1361030.912167264	315.22300786873916	326.080663736834	PS150221
178	156.65867183802226	0.9187419088829326	-353.5509157108775	1667443.6834565774	235.44055696650523	397.45958390793726	PS150221
179	60.778366533307405	0.457902279043655	-448.54013198375014	2520065.480892573	140.06616297387268	577.1071457314167	PS150221
180	85.04832258799512	0.9363334340441244	-544.5330568477914	1024167.9356587892	123.41784931049013	423.4696544433136	PS150221
181	21.311670159960133	0.9511377093302346	-652.5275856237804	366663.4057972916	59.44653362052923	376.0810296311854	PS150221
182	13.162569339248895	0.8059729004104625	-748.5240477098915	261667.23169000595	29.200680186921815	436.6842847721515	PS150221
183	29.797334036217368	0.8239668182961258	-844.5213141182406	264206.6263986654	49.7695986764871	354.1741342226643	PS150221
184	18.454576528831396	0.9272645142580362	-951.5189173106334	219558.69211551335	46.19805282399553	338.84087906290233	PS150221
185	367.59971338650234	0.92535555171245	640.4734576857967	370045.5450009179	437.45221061514167	169.88492390951956	PS150355
186	860.5447961294896	0.9878512124107096	537.5930152076011	1032900.640673049	1031.1599940252531	181.76824362569243	PS150355
187	338.28755525678565	0.9382485709968124	-640.4734576857967	433993.1843201796	508.37151610556253	170.50836664517237	PS150355
188	107.76342362943048	0.6784951174248621	686.740489559193	568577.877249592	232.9229001771193	259.57097098500617	PS150355
189	1377.3750605591358	0.9226492101850684	-686.740489559193	957611.587146434	1290.6081863679444	161.2066692443109	PS150355
190	550.1325690424751	0.9818675206579742	710.5281486331136	2287039.7294011707	454.3778812697085	346.7110034597222	PS150355
191	438.3042607047451	0.9773037114263984	-710.5281486331136	1757628.1067786703	524.2602474567847	294.6978982198408	PS150355
192	10.218617443481016	-1.712034234842669	1019.103159645774	206162.49213776927	212.46094545410688	179.47221898780788	PS150355
193	16.24778926712663	0.3690050001689759	904.9249968920076	217233.12075805897	160.9172681745707	204.8115150803895	PS150355
194	17.64575946046957	0.5534127432452922	801.8954108859833	304325.502544403	86.71180131354795	300.1435881027429	PS150355
195	1362.1917326168166	0.974698022234296	699.1267767722818	1339879.8553488846	985.015151865941	205.4348847936385	PS150355
196	537.5656580028958	0.9892526220695742	-699.1267767722818	1797610.8921087678	552.1126892944917	291.2676145901669	PS150355
197	248.70298356227192	0.7270303430290566	-802.125457768297	423789.7760252811	629.1210629079872	155.0927561904457	PS150355
198	8.855230455638242	-2.6398118321918984	-1019.103159645774	211714.96512825784	115.00556578455084	231.86654651270217	PS150355
199	6.885107491281787	-0.1800781127766262	852.0930113549812	232677.21483558207	76.65529130763342	283.2107287171682	PS150355
200	18.32214790232244	-0.2861955700186587	652.97205146928	229461.85415382823	109.59731502409043	244.1120667988791	PS150355
201	505.2439075095531	0.928871550313577	539.1627769050828	1540968.60107919	313.5965787062045	343.3950287075902	PS150355
202	117.2096394036695	0.8918195366365219	453.01931526150184	873922.477983874	615.7774489941928	208.95110207301968	PS150355
203	698.1401770851435	0.9397882134526198	-565.042033834652	1010442.0578959272	1103.2333428792294	175.37295848835902	PS150355
204	523.0367544658752	0.9435925267683868	-651.1378502283521	1157710.1777516853	668.8654765060434	226.21918974972905	PS150355
205	27.719029393750887	0.9228930771098453	-751.119497816426	527784.7371725488	171.45434770629214	284.8054816989286	PS150355
206	8.132411441189877	-0.4120588745341396	-852.0930113549812	219449.39427947873	70.9996874567815	285.27006034369685	PS150355
207	12.955222724625685	0.793969372110693	745.037750721398	196965.18615644617	128.47872415086732	215.5005170165764	PS150355
208	268.0807794939032	0.5148819331366326	646.0435356847091	257334.0166304273	190.86818154462924	204.70595625232025	PS150355
209	958.03741980976	0.9494981870419316	547.051414402705	1382738.9970472725	857.9292655883503	219.85710530330755	PS150355
210	229.82500157772324	0.9274778312735606	447.06291503545674	833466.6546351203	464.07820770970625	229.5851722823236	PS150355
211	599.8964647805414	0.5719531439114749	-347.08104240940617	3400403.39858928	199.3533964647305	564.9210206458404	PS150355
212	13.111487999622106	-1.6780066170178285	-447.06291503545674	247480.7341317193	19.538226256380057	501.5191475415484	PS150355
213	11.00976298845482	-0.4507140031812522	-546.0515085594033	227259.64132792575	56.611906082072615	316.7166024730452	PS150355
214	7.849741919483129	-0.3135596943893719	-645.0436031773356	216334.690144371	178.84945310571655	196.0109953101337	PS150355
215	8.655602461722472	-0.6765743457553315	-745.037750721398	205277.3432029905	97.64256392681708	244.51513799817235	PS150355
216	7.403359261129445	-1.405940727895858	1029.0	289267.80579805456	358.2242528874103	166.75661104350138	PS150355
217	10.583527623348315	-0.3633257153670524	901.0	226458.21002821607	68.34735105920112	293.31317255232955	PS150355
218	8.534775676564161	-0.0341854555698395	802.0	227073.4421280289	89.35353875377987	263.7830276689509	PS150355
219	24.328117362498748	0.5913454504508868	575.0	222121.08082254548	180.32577482468605	197.4412094218477	PS150355
220	7.544777541149939	-1.5953795780024709	461.0	1631138.9648622328	211.6984837583788	411.0875272537884	PS150355
221	835.5040685063489	0.9694510989241316	348.0	1686903.6027221496	719.843891409597	255.36759773072257	PS150355
222	392.0041197272249	0.943660642150176	-447.0	830338.3570010674	1086.4856023476225	163.12385041651692	PS150355
223	113.5471310680028	0.3855087811846097	-575.0	1168674.4252362538	76.78547020796515	539.7477132587064	PS150355
224	8.309683210821714	-1.264771486228153	-688.0	238116.88789398636	45.34551212446685	352.6365864680778	PS150355
225	15.621466555052772	-0.0792363884957882	-802.0	226540.12996373215	144.0012786037801	217.73915491247575	PS150355
226	9.331539122192652	0.7398642700121685	-901.0	234930.7576335433	80.50871660207207	278.781406248899	PS150355
227	10.7997729446114	0.8370133694737469	-1029.0	243474.7637005388	74.56056153553493	291.6103454221086	PS150355
228	10.161394492546489	-0.5595021659995072	789.5601623688976	203482.84942352527	147.24431780646665	206.73819523916825	PS150355
229	19.36446960303824	0.933908477501507	676.9041660382952	1027505.4767250124	257.2975910924694	316.05625098123573	PS150355
230	285.8639739171516	0.6977726067748006	577.1041933654615	1621792.9947912628	252.10177425562836	382.46598904541406	PS150355
231	507.6824285151772	0.908133298302748	-362.5827491759639	2073490.4413509353	279.5918989465155	404.8517265525811	PS150355
232	12.00976225194861	0.8303063222249844	-476.4443829031884	282543.9066895234	25.59954886881411	474.6423304811272	PS150355
233	9.392444779341645	-0.5062595173735405	-576.1069779129567	211276.1690196998	36.67293961221986	365.9543637713576	PS150355
234	7.340630660889372	-1.7606228556338253	-675.9077229918297	216140.39420440895	46.056104634364075	337.1355178214433	PS150355
235	20.87543247166027	-3.044950752570954	-789.5601623688976	191122.5002835053	295.7654139932079	152.5354496153617	PS150355
236	9.696065586534685	0.6093221629083367	944.284517505185	202585.47288239253	56.450979120687016	302.8305897912775	PS150355
237	8.06643863370154	-0.8490860302339236	846.1957515847027	221142.67573984936	41.992986710876735	353.0395268652909	PS150355
238	9.200537737999245	0.1793151324123451	732.2132544552851	258660.3636777256	50.87578994969736	348.1067956018903	PS150355
239	193.7153764146565	0.9367641549551498	629.3522463612885	1176670.4024939786	535.9057742161219	248.80068481889043	PS150355
240	783.212623549523	0.9859457929386668	531.2572352448482	1174011.0574260082	774.3322860632534	214.5472449517127	PS150355
241	1227.817661167243	0.8794081652152875	-315.4873214568218	2527819.1223435937	593.4072900612362	324.3263699225413	PS150355
242	31.193060813419866	0.8304861574965274	-428.4276485008874	406748.7318506417	34.33422173478407	488.27514110493377	PS150355
243	7.172364215421627	0.6991188139574792	-528.3902440431693	259068.83016069792	24.549208609781314	466.2040921306816	PS150355
244	9.139601719210678	-0.0773476807679338	-631.2402474494161	204056.7080408171	50.58807772925804	317.3263188723288	PS150355
245	4.271391497119571	-0.3518845577843534	-743.2161529460996	214037.60285737185	37.26787521762916	365.4998410803038	PS150355
246	5.538883096615249	-0.0343383669083647	-845.2060399689534	202066.5852126753	31.18886933752347	383.5508616251317	PS150355
247	10.25000690401478	0.6259044938044943	-944.284517505185	202389.52901893365	139.17458052493552	210.99699088066905	PS150355
248	177.08406815356372	0.937121159074541	543.7209762368931	508205.20745691546	783.1104007535628	152.7958158507247	PS150452
249	824.8431334702079	0.9770849905489843	434.7763793032	1464918.829824736	619.1842134663733	256.34360564578196	PS150452
250	345.690461132929	0.9848049574298592	326.5003828481676	1268006.6980110016	681.4876130546088	232.8576159237706	PS150452
251	186.9278631425321	0.9726152755332704	217.5005747118844	730727.6639112785	947.5118839798512	163.71684531536323	PS150452
252	502.7891500157787	0.9814329215769504	-325.8688386452439	931573.9824598026	872.5254844956779	186.4664515413737	PS150452
253	1037.9326923938247	0.9861680946876809	-434.7763793032	1043609.1571814214	1334.9344262226869	164.60999185044022	PS150452
254	237.6712539138828	0.8776617189776528	-543.7209762368931	796709.9093135265	785.4742224749604	182.6805569158248	PS150452
255	940.5750730022396	0.971975658770692	620.693563685012	1341294.5106486056	535.1098326736522	262.3357633761093	PS150452
256	128.9404949935701	0.8216544177522611	496.5002517622725	1110641.596448895	592.8842162537791	233.48911156115503	PS150452
257	464.02485273721993	0.9918641225463122	372.5003355703186	694321.0973137752	657.4947484282178	185.64884153211676	PS150452
258	526.526293330549	0.9982623856800376	248.50050301759956	650075.4299814765	1032.7039283451309	150.945504517034	PS150452
259	299.33071705911743	0.9254490287779364	-125.46114936505244	638066.8477798234	935.8112836691046	155.84618494510903	PS150452
260	894.0988906443818	0.9809757870474336	-620.693563685012	955807.3528496496	783.8752276893501	196.64114079478713	PS150452
261	955.5714504345588	0.9890079792649348	613.450283234102	1806591.9142428648	597.1260918189016	282.84116648649433	PS150452
262	299.837754059315	0.4489676859512488	504.5475696106364	839124.9674263163	755.7175641947301	189.41390822511391	PS150452
263	122.6758189416484	0.8091475358313416	302.09311478416714	647959.3912684247	705.6369897286253	175.55434962753873	PS150452
264	254.81507322192175	0.9000185578807995	-303.0928075689029	666782.4867508744	1045.282662314013	151.74877334440168	PS150452
265	296.6559646477935	0.918320094864326	-411.0684249611006	775483.5009015943	1122.3948172778155	156.6735839073292	PS150452
266	980.4475472751108	0.9571640175119912	-520.054083725914	1608298.3956422354	816.967656890167	238.1714607440215	PS150452
267	23.272547016469034	-0.4326092657643898	-613.450283234102	425976.15086053335	195.34613805752468	248.1173855263307	PS150452
268	342.3713361090037	0.3239491987890375	690.5407301528275	321651.2161028397	504.1998110461456	151.75325733481804	PS150452
269	15.5007678123697	0.5870501216945316	582.5482812608755	278274.8673589739	128.6313268643216	247.3294935151506	PS150452
270	35.545020899670895	0.5350042120447009	473.5593943741376	1345808.870412226	209.96054219529577	381.9119912400042	PS150452
271	209.70443310677177	0.9656351235102276	364.5771523285572	1008396.0302986206	484.93780731935834	243.44622656930233	PS150452
272	895.8598545708606	0.9751684452689806	-582.5482812608755	1219871.1883073668	1067.203039540101	191.62482991021443	PS150452
273	510.56711754651974	0.9677347296061736	-690.5407301528275	768437.3408982	317.7867571671384	258.5914016991494	PS150452
274	10.472569993646983	0.3775658432434179	621.4257799608896	284889.0721755272	139.95010782466483	241.38264149535905	PS150452
275	957.6286743136396	0.9010926412796098	512.5163412028928	1235605.8772774625	446.0234202832128	273.04481560590466	PS150452
276	896.7846854269106	0.9811402207129948	419.0763653560052	1275617.961104368	912.7489742272036	207.6695027467017	PS150452
277	342.56037740748604	0.914442224960559	-419.6307901000592	1178440.736458262	943.7672454832344	198.5190337444103	PS150452
278	213.33668068500117	0.8697289824855144	-512.5163412028928	1392450.1113549222	215.0511000669661	383.46012057199175	PS150452
279	54.80437165746939	0.8659505995575887	-621.4257799608896	276807.5977412217	354.67827476106686	164.49866653489994	PS150452
280	16.174062777177582	0.8997090899310171	768.0416655364473	258606.00732556585	154.21091669715443	223.374920180623	PS150452
281	23.029204722800735	-0.015061363751134	660.0484830677213	278392.4040383598	228.6523977575032	196.52493564577435	PS150452
282	20.79060393416224	-0.2791740567025549	567.0564345812505	294145.70098426443	220.9565100200188	203.67010894137115	PS150452
283	666.8875096588822	0.9885100037964532	473.0676484394171	1482010.8442146308	389.6966282049044	309.9380580001217	PS150452
284	1164.1616355768654	0.9801468153355614	380.0842011975768	1079534.5527024022	988.4908368178968	188.16141657792025	PS150452
285	541.0035416920628	0.8811665473889743	-489.0654352947057	973392.1341784748	995.7497031787108	180.00313662348242	PS150452
286	257.7539888437816	0.8240092823583272	-582.0549802209409	1394200.41326554	638.2888406337697	248.28369293264325	PS150452
287	83.24597420865857	0.9068046985572276	-675.0474057427374	1232461.4690212084	281.8265410182315	327.7491682877734	PS150452
288	43.96488561338651	0.8962068527740275	-768.0416655364473	384871.17529259046	124.33902681636584	285.43562955961113	PS150452
289	43.6083713808796	0.8722029678719292	753.6378440603949	263562.9257611338	130.5399809181456	240.59207856497108	PS150452
290	30.928909237563293	0.8344048889041473	660.1704325399616	278804.9595491273	135.90789820325242	242.129292869354	PS150452
291	179.8867926483735	0.9427697498302344	551.2041364140875	622464.1204643872	167.13965128449522	307.354054676641	PS150452
292	1129.4067603068552	0.9124704803173592	458.245567354448	862755.3830976848	1181.253552930372	160.19274161136138	PS150452
293	705.2690140060822	0.9781997715376411	-551.8713618226625	923017.776243502	1052.9092983010148	172.3267334652022	PS150452
294	1041.7787266260298	0.9862853963705736	-660.7276292088897	1743810.913716491	671.3611338396613	266.0984179230396	PS150452
295	9.981997531992713	0.4573994413908416	-753.6378440603949	383565.1809606131	70.94528823373034	356.77240968020146	PS150452
296	27.936570552190155	0.8556774680016392	761.4993434008989	252958.9518427008	194.6962008268619	201.69821025865133	PS150452
297	29.64077691816804	0.828115254931318	652.9052381471603	286714.3650266006	212.0033836628793	204.95932315876507	PS150452
298	192.28804525522912	0.8793455018783181	543.9864428457753	649833.7760544108	246.85618713037155	267.5274313821226	PS150452
299	1028.901826320113	0.9829837144666266	451.08674332106017	1838341.01317764	700.8822604592706	267.13907480631974	PS150452
300	724.9320680922415	0.9619476999306814	-668.6383551666776	1167669.5588442693	934.2356562882002	198.59596574084603	PS150452
301	367.67138240866177	0.9678532653109276	-761.4993434008989	927444.577830532	643.9292949534088	210.1865527619251	PS150452
302	41.15470663098036	0.7063121109237029	777.9114666849949	282679.8945116175	323.04458658092835	172.20192234528406	PS150452
303	22.488750723458875	-0.5384094139693543	668.1102079747023	247376.3271971611	340.456829708497	159.86133991500515	PS150452
304	415.86702717041214	0.919999266197426	559.3266040516936	534057.3571131815	398.24915448484415	204.26700916880247	PS150452
305	1156.4180180386434	0.9521666870115364	465.59343852764937	1501522.1336743983	735.4819821242493	241.6622943799283	PS150452
306	413.8463289132993	0.9125886890544056	-669.1085487422799	1259039.1132990948	767.5384060041594	221.4117459946849	PS150452
307	50.67691279768228	0.7848404505737149	-777.9114666849949	371921.94780742447	192.83024720368007	236.2303394629475	PS150452
308	27.982550039020868	0.6960869939480947	753.935342055272	277482.1044795331	305.9958661148115	174.6758166183032	PS150452
309	27.34513794032508	0.929663891779239	645.1778824479339	229155.3615405658	210.95871572619296	187.7578200071996	PS150452
310	654.022666162117	0.975975635683364	443.6197696225902	697000.6358157757	375.9973280309381	232.51146920871895	PS150452
311	808.1155105324103	0.9654469122654952	350.91665677194635	1654213.5791733507	588.2645926208988	274.6834940674364	PS150452
312	423.24547838668246	0.9645524227240234	240.99896265336912	888385.5853521748	824.1752729725927	187.1792846662536	PS150452
313	1014.0586656859568	0.984869786450286	-645.2693236161161	1272752.434249655	860.9643833763848	212.38728555543855	PS150452
314	39.97153138067246	0.8863467174507091	-753.935342055272	560269.1082669423	258.26833275615803	247.60261182760792	PS150452
315	17.15890530110583	0.3521809788018575	699.547174963919	253950.24006061832	197.24379092337503	200.96625009544243	PS150452
316	20.73521210778027	0.5806675353720574	606.7843521383853	239112.2344365948	293.0882558100993	167.44275721836186	PS150452
317	9.00061554925204	0.1933557993991519	514.1072358953918	253193.1503962543	67.41943864684696	308.3839325825925	PS150452
318	202.30493586280133	0.7874282237541912	420.1086169075802	525105.5250368989	289.0573329011145	230.6375695652698	PS150452
319	397.75232005262495	0.92796753932271	327.42365522362616	1417529.637797079	301.90263074318057	337.2027551200903	PS150452
320	824.7552438913915	0.9812330253281766	233.5149888122816	1499179.3137838128	619.1396697734857	258.7325054912724	PS150452
321	656.2556295891893	0.9099893161745716	140.8554223308425	1083364.4457470828	846.814385696983	200.45622837406347	PS150452
322	216.580097792306	0.7580760090639532	49.48989795907848	912560.1838825182	698.0997241056331	202.1913788954151	PS150452
323	622.4995810189687	0.9263845596765384	-47.00265949922408	717319.3516559409	1155.9151081479056	150.08581816526987	PS150452
324	243.6954218611944	0.9361870927941712	-140.00089285429576	685441.0944261544	882.5734581082698	164.17715456456733	PS150452
325	146.7125451488844	0.8127106972965256	-233.5149888122816	1043858.6013674566	663.2367790038796	217.77811942944584	PS150452
326	782.7336908306995	0.987746756948868	-326.36827358062857	1068898.2451663169	850.1474540080803	199.06818481552864	PS150452
327	119.031698147072	0.843418299241562	-420.18240086895594	1332623.2258364672	365.9831811593395	304.5955220469199	PS150452
328	41.635461761494554	0.8643066162370581	-512.968078928894	548523.152509064	186.539469186493	279.63704545387407	PS150452
329	28.66398407738228	0.4441150975096987	-605.8194863158496	270993.7955798452	166.68254104164618	220.6239766402755	PS150452
330	33.19155026002266	0.5770215576695458	-699.547174963919	249905.59768414203	292.5592772268593	170.54926733495074	PS150452
331	169.58614657706218	0.8909468085483295	628.6628667258788	528663.0595397513	169.4262818032289	286.3546818807837	PS150315
332	555.2045804377334	0.9613320964235134	505.4463374088292	2874778.4983920357	304.71030679726573	445.7711025428064	PS150315
333	734.4718835522943	0.9646209174256312	392.92238419311263	1541266.064452122	678.339788740096	252.23023467089968	PS150315
334	852.0760168242892	0.9836575713341794	282.8002828852899	988404.2895898554	1016.1165644576516	179.64761269894234	PS150315
335	909.1573684631372	0.9598586783837192	-628.6628667258788	1680124.8826689215	731.8145033922198	253.28019669546336	PS150315
336	495.15017123715705	0.932381699779613	814.5360642721721	2731567.2151504904	229.05870979198784	489.56577229222034	PS150315
337	568.7287599302842	0.97728343754496	691.3089034577813	1439416.3790701302	857.6203124740749	223.45062144242945	PS150315
338	1105.5151220009116	0.9849916778627666	-434.93562742088625	981824.5249611312	1357.6134391351509	159.5615010638843	PS150315
339	717.1310142626257	0.9747690718187948	-558.4236742832453	1398757.0633210803	621.8682201973464	251.213275330878	PS150315
340	6.341091028636925	-1.5740804026873638	-691.3089034577813	255394.01664074656	80.17083462583298	288.7371993108608	PS150315
341	16.147850227581927	-0.9933909574958504	-814.5360642721721	239623.6247231643	174.41170558316162	206.25601178592456	PS150315
342	7.729981486446678	-1.4664322753771215	1126.1532977352597	249011.0494763619	77.25308826581235	290.09892651326913	PS150315
343	13.282611616548914	0.2168440071076111	1002.9383081725416	246134.80134747588	129.34276606002803	234.96185696855616	PS150315
344	221.36207884714497	0.975582777168362	880.4125453445106	2188446.880656428	118.26501016621006	583.6290607206824	PS150315
345	1243.106018008381	0.9738709309534018	767.7774742723311	1191707.938493047	1127.6941812546745	185.70192740600908	PS150315
346	738.6638565130527	0.9534494021532808	-419.9872021859714	1155819.1681433665	881.7115358211393	202.4185744800135	PS150315
347	118.1036389596495	0.8239413209499271	-542.5147463433598	1011667.0846359272	257.79944302741256	313.85371405810974	PS150315
348	8.94159682609429	0.2510746570516003	-655.144449720823	280637.7565501287	40.08637091039756	395.625938787571	PS150315
349	10.742304317008706	0.0052860304707305	-778.3638288101522	264213.06007863977	62.09537824551199	324.17760981129527	PS150315
350	13.496399251791354	-0.4229781924156224	-890.3040211073968	237154.6541002167	134.9128125192654	227.62313293402724	PS150315
351	7.810181118428194	0.3445279234466851	-1013.5212133941748	256228.2484557278	53.77078995892689	339.2010989094683	PS150315
352	13.870073133835984	-0.4682743479994513	-1126.1532977352597	249490.2578308132	167.66341104089935	212.94680672640084	PS150315
353	736.3998305868721	0.9834774878034682	934.195108101086	1218887.2376127995	862.7306852341072	208.57407587927923	PS150315
354	1639.808959823355	0.9523771725275476	-177.75404355457007	1260799.9780240138	1223.400796703588	183.84676299728164	PS150315
355	316.6768143212132	0.9256319206947444	-313.7172293642796	2183085.468148213	220.6857592833603	454.3008882562037	PS150315
356	8.573202521634094	-2.8927622755841513	-436.7270314509968	382999.26105977705	130.28092416639154	279.60945715945354	PS150315
357	11.610479502705724	-2.313224473437229	-551.8265125924995	238526.61319996792	253.04895052046007	177.40176430611268	PS150315
358	13.753127716412182	-0.5714891610895794	-934.195108101086	232803.9704457211	293.33384965273467	165.6060866052958	PS150315
359	3.8183729496773577	-2.0828050425155102	998.533424578266	235010.57253131765	56.159654128199186	322.02545654765004	PS150315
360	188.5048569718395	0.4020484740858278	888.6506625215558	1010561.9854450396	52.85221640482436	591.3231956418078	PS150315
361	946.12754455485	0.9864113719981634	776.1262783851607	1213602.6531978322	1043.74225411364	192.93824104393937	PS150315
362	1974.0596889082617	0.960875436632914	-222.64770378335368	1077468.2689448544	1652.8788086967882	153.07011384050566	PS150315
363	488.8860514586879	0.978119903191592	-335.2193311848229	3632525.9808026874	264.12671988339105	518.3028186569834	PS150315
364	8.585995293070951	0.3977246017210106	-445.0539293164369	1031635.662679396	184.9521528897471	361.2532779889125	PS150315
365	9.853533990745506	-0.1850380182933459	-556.8850868895664	272283.05923490133	58.40411393049111	336.2450402034207	PS150315
366	8.006031170681965	-0.3235765640788302	-666.7308302456097	251328.32466479187	82.92705660335254	283.0369191684215	PS150315
367	14.223473507412375	0.1987110539517705	-779.5261381121226	249914.9816981368	202.34019513704297	197.65557347011713	PS150315
368	10.390444272220046	-3.014985146481989	-889.3784346384839	238313.35943662823	159.2396413398581	213.4341424132859	PS150315
369	26.141085645620155	0.0979271079486933	-998.533424578266	246250.42678725216	296.67320791111473	168.60268243127223	PS150315
370	7.496223439859469	0.5494713180774038	1026.7757788339186	270789.6685695358	37.75732313476996	399.4637473412096	PS150315
371	11.95476721738731	0.5754045762283486	907.22902290436	240605.8287684664	127.62120601644466	234.0875595972692	PS150315
372	18.313090035000737	-2.2736438777813626	794.6700573193883	280215.97478531307	199.7805199055516	207.97010672871895	PS150315
373	409.722054084646	0.9841831718934578	684.589292934092	2279362.2295801314	161.73572244213116	523.3930748261237	PS150315
374	818.0099413045822	0.9507893016425814	562.3348646491697	1117320.9112257771	848.6158237316985	202.7737508546163	PS150315
375	1564.8008288008336	0.9813183482734787	-347.79376072609466	1502384.7677105046	1156.7613237015769	201.66938739568195	PS150315
376	520.8871669301594	0.926808977525074	-460.23092029979904	3526496.386024611	249.71045007193413	523.8267884828474	PS150315
377	80.44071082948756	0.2069359332064813	-572.9925828490278	356991.3780685642	96.62016413431272	306.38041263408047	PS150315
378	19.19708853492364	-1.5201486855943398	-1026.7757788339186	229621.21015057457	362.775271679041	151.2776412713706	PS150315
379	15.55296870836745	0.4005672344665716	645.8562146484309	242036.0211155547	343.59198008018916	157.89188471522107	PS150315
380	79.174392671911	0.9213429041189132	535.8798839292253	494657.5476657498	44.53877162147687	475.82973305997007	PS150315
381	796.0282800242272	0.8808795269063538	447.14790617870506	4102303.255665399	261.0432274947258	546.702609323298	PS150315
382	1102.4363919387754	0.9705835489838393	347.9026444280066	904486.2785447196	1101.7555228304811	167.8617370122762	PS150315
383	1864.777140465709	0.960038388766728	-447.14790617870506	1497293.0622816929	1284.1727033423083	193.15162462536375	PS150315
384	756.6612537148712	0.8282729641732027	-546.3938597751626	3137806.0102927806	294.43771051979587	468.03472670843985	PS150315
385	156.78160790143642	0.7306366779169764	-645.8562146484309	477027.560440398	149.15344197128238	289.1938751218687	PS150315
386	12.692489269900516	-0.2737617137960824	670.5193882357169	238522.62454769833	311.5636358040003	163.23682560702628	PS150315
387	191.00775485581815	0.5473355154613986	571.0650138119126	276659.38307289797	314.9872481272753	172.45904900922255	PS150315
388	326.9269525078951	0.7069930534893298	471.8540558265871	2332459.51185385	277.58927250203607	425.58820993960467	PS150315
389	340.24476665633637	0.9239400469187448	-360.11282954096487	1085433.248795056	1100.795522076609	180.627387581981	PS150315
390	769.6219523004579	0.9769518062522492	-462.1539245749191	2913159.232141195	418.83361591345914	394.5972835085232	PS150315
391	192.197387350281	0.5942044465573069	-571.0650138119126	545059.0966079443	183.5674634322452	280.72698946675575	PS150315
392	12.76657914363828	0.2329280821526239	-670.5193882357169	228135.1705353644	135.64523741094328	223.63516365454132	PS150315
393	416.9676523246529	0.8095313243163956	1030.641790342309	3625526.429516229	212.01533167113232	565.4920936793071	PS150315
394	762.2819156336143	0.9839226763497592	59.75366097570926	827750.4343372824	1232.8552049150517	154.88877746280355	PS150315
395	1151.0812714789442	0.9558471974538983	-59.75366097570926	1082206.0273556593	1032.417138343759	185.1002099795752	PS150315
396	1357.9337666484955	0.9709810353290268	-177.58519082400989	1631061.9794682628	1083.4586967314326	213.9381598262546	PS150315
397	577.2181237547202	0.8928930429642401	-296.5510074169366	5154859.696394553	231.70896051268255	628.2530741269675	PS150315
398	114.21070441443167	0.3971181307146988	-414.8282777246508	827396.5133999223	83.02899348353868	455.6365758921356	PS150315
399	17.181745003578012	0.6577921761549635	-544.7499426342329	253008.89775279004	81.94515264873836	285.1477995846931	PS150315
400	25.222386271291843	-0.0366191954353483	-663.0297881694306	243137.3188258879	163.65694797741392	212.8099277925744	PS150315
401	19.20102604210879	0.7324552520214769	-781.9491671457935	210879.58802513857	308.6878296274263	155.96639322650515	PS150315
402	7.488809552355934	0.6228412549684481	-900.2813449139107	243336.35509171712	86.45741489427394	274.78113637481	PS150315
403	11.441170441362578	0.4385071453459243	-1030.641790342309	256878.46159169156	121.27572508470443	245.24860112799968	PS150315
404	11.32690872951611	0.161977675013516	1013.0	277709.7886176227	37.57186318013035	404.3117812825217	PS150315
405	281.0430512827068	0.6549459400966331	916.0	1249009.5060299106	71.86620723134254	569.1692404540734	PS150315
406	936.1984409665514	0.975347467528056	808.0	1464898.659292483	911.8662697640132	219.57130661726933	PS150315
407	1128.247217232473	0.978323571465124	700.0	911518.4442838453	1293.6770848208523	157.906804273636	PS150315
408	971.4615909445904	0.9785252476143008	-162.0	1085903.7940791172	1129.323643504558	178.81921586888666	PS150315
409	410.22348268393125	0.961809407707309	-270.0	4665185.995829161	149.6996082562229	718.926237992437	PS150315
410	118.0940733278105	0.7992983617732268	-378.0	900864.9058181456	41.83561803569226	620.1123861386793	PS150315
411	7.159196619002865	0.3804736919583327	-485.0	270754.92487752857	36.95130267281826	402.90592938306656	PS150315
412	4.005924134987507	-1.7962974354789774	-593.0	278585.0985888653	34.18162572602431	420.42746712029566	PS150315
413	13.694690561811512	0.267785165231016	-701.0	262549.31824013893	63.70978580970767	320.0566934288728	PS150315
414	11.108686231976876	0.5027885557818046	-809.0	218080.36525804183	70.64866739951727	285.12155489013173	PS150315
415	9.754684450887837	0.8221530611210234	-916.0	247553.18839898723	41.75397248762854	370.1803004729105	PS150315
416	14.185233911745303	0.1586155711042303	-1013.0	240346.418639836	62.28364159014807	311.75288234718573	PS150315
417	458.9505235897584	0.915585498369199	525.7435211203273	635912.1215125063	632.891855250193	181.99189739873725	PS151249
418	663.8700203041839	0.990626457446338	415.575805359263	1237752.572650987	616.3795802084276	240.07075161861212	PS151249
419	176.43325362348148	0.0724937639086529	-321.3817823088297	706427.3938749232	1119.7950000678204	151.076396484861	PS151249
420	84.0686550478872	0.6691079576920342	-431.5498233112835	823573.4934461976	701.1799708076253	193.7198649377424	PS151249
421	359.6489413892251	0.9229924416847302	-525.7435211203273	958224.2445588064	717.4282864039744	203.93909035141144	PS151249
422	411.22781790511686	0.8915093382955891	548.3812542383264	923200.4964161244	734.5715647926517	199.03515015596724	PS151249
423	3.213231228467295	-1.0790800369882172	-223.1882613400624	554192.0135413604	77.09424636323337	399.8345622310097	PS151249
424	293.8959733750831	0.974353243740498	-548.3812542383264	1280711.4152665385	676.6576913502923	234.4541461468922	PS151249
425	7.591278017069893	0.4027620836960287	732.014514883414	202751.1682809572	25.340165415793305	417.3367042963829	PS151249
426	533.2129947658807	0.9825841255096568	495.30318997559465	1315859.778246269	577.7421747457198	252.4731684194528	PS151249
427	1011.2286252142056	0.9601018682563642	385.59856068196103	950034.0906438604	1165.6997536090096	167.3732341823212	PS151249
428	348.9279121413244	0.9925960084768206	-732.014514883414	769500.4330075118	459.2075060731193	223.3083539400573	PS151249
429	961.350741012668	0.9850509472105404	621.1058685924647	1258774.2606154014	923.6648626779622	205.58829583684096	PS151249
430	4.416011086591299	0.4185564063231547	-76.095334942426	533102.6925898652	77.85860606206944	392.1269712805906	PS151249
431	494.9398040383001	0.9747117635226814	-535.6047983354891	754017.4835823016	1170.3847135094654	152.35128594078526	PS151249
432	176.55017292514222	0.8961563385575959	-621.1058685924647	694124.6457642586	320.9032621373901	247.31493714298767	PS151249
433	675.9784693790482	0.9489031093558604	633.3571267460405	1307215.942932104	470.7063753020848	273.3152826815733	PS151249
434	1227.823676546144	0.9909705362839164	523.3700889428054	991616.3500121372	1101.1685309607374	174.18909751960177	PS151249
435	674.7881399756737	0.8927348432169351	426.1070874791923	865480.4656790633	1277.834652762113	155.43114907938605	PS151249
436	242.9228729373038	0.9464525850635642	-633.3571267460405	1429652.2326759584	451.5039041668006	288.0398478928671	PS151249
437	122.47851340569645	-0.6035209552315166	649.7768847843081	763802.557236684	300.89426790660593	263.6646406485652	PS151249
438	1531.375513176355	0.9196199684845489	536.2471445145419	1301113.051044799	1095.5396284933545	194.58071313996572	PS151249
439	6.555501653675107	-3.0174326164196845	-520.9990403062178	675986.1918752489	266.22615356215726	263.6937625906852	PS151249
440	204.37882158141483	0.9312018430500664	-649.7768847843081	642261.7573643584	348.8751115969007	231.8685489234134	PS151249
441	323.87384736844996	0.944473329448144	539.8008892174965	988007.4781680309	709.2042363503195	207.40564783284424	PS151249
442	448.4892032998688	0.9407228416123136	-539.8008892174965	1294666.1202682434	522.4535909086246	261.13737853593227	PS151249
443	219.9433565221044	0.7196570478719528	471.56680332695174	790288.0984413147	641.5503297226838	197.4453443711111	PS151249
444	99.6983602408852	0.8454317771125659	-471.56680332695174	990973.8565300304	427.7065689524316	254.2093527730151	PS151249
445	1093.5917414720914	0.9725439251618778	565.6715036131836	1323744.0207059362	814.4033077718509	220.60269168627633	PS151249
446	470.33494118948573	0.9347326186270436	461.52275133518606	885494.0836600107	809.2327248105846	188.30849174621775	PS151249
447	233.0297137577356	0.9133240617857654	-565.6715036131836	994427.505683399	381.53236305120566	266.46594471568653	PS151249
448	667.8826074042296	0.6742998294722022	478.2167395648128	1387691.1464794793	649.9969585776776	246.02407711947353	PS151249
449	970.1787223787096	0.7901150047865146	-478.2167395648128	955242.011134278	701.3521891252403	205.53979410324575	PS151249
450	231.90747922357303	0.562505509392939	543.2184183180832	478024.8383607979	442.9512412757917	187.26768004610085	PS151249
451	955.759782735222	0.8989654891939651	490.47757339148546	1126092.999139101	927.071105951692	196.3403221924924	PS151249
452	1183.1422775441947	0.971272535897468	453.56835207055616	1003918.6635458908	1450.1067799562225	156.79941288922873	PS151249
453	5.358930396145471	0.4792479644769842	420.7615120231412	919709.6011542776	60.04689087680795	541.1144009187394	PS151249
454	1688.4450803158954	0.9143491307711188	-234.50213218646863	921707.8734395076	1457.211846808704	151.2353291276022	PS151249
455	643.2335732208935	0.989956822915594	-316.27084911512156	863615.3096354066	656.9330674722183	202.6491087170197	PS151249
456	2.703048211062408	-1.9736079548929313	-543.2184183180832	157290.06183275604	27.929089837308723	362.6459354607739	PS151249
457	649.2888650747929	0.9512210240387764	-537.5113952280453	2639752.3419502648	307.643080592585	429.1720465395772	PS150426
458	334.83667056119765	0.9359246149578484	-441.977940626	1100590.28786	677.8002614063705	220.5132001037448	PS150426
459	1482.7688966367973	0.99561645031788	442.897843751807	1153508.7933569571	1368.4001625534277	169.64776058381813	PS150426
460	852.8530851987708	0.929686146071692	537.5113952280453	1262574.9903181747	676.029865694595	233.20697416629093	PS150426
461	104.65501066767088	0.9396370259090776	-666.0902716599305	984678.000438551	126.23385750399436	413.1163340365955	PS150426
462	1063.086743235477	0.9679421145520304	-565.8588604943816	1033629.2458286084	1359.0090270685282	162.81034370897896	PS150426
463	1114.1435276013403	0.9949238013508596	565.8588604943816	1005034.1114887444	1407.2385920540116	158.7633449553232	PS150426
464	57.97253819546706	0.4690515317123548	666.0902716599305	970876.5956387809	353.77540567009095	272.01920805772374	PS150426
465	9.720257327597428	-0.4091266347038447	-794.8699579176458	206359.74584613487	310.99033125466934	154.1616156337102	PS150426
466	157.49219671833086	0.8993889200120443	-694.6605286037202	552387.2398488836	131.12815350785257	322.88219058780555	PS150426
467	767.6020309920061	0.9308183324811028	-598.9718273842268	1281675.8644530436	907.0338818542178	208.5868341106426	PS150426
468	1403.7122103169158	0.9766028359199134	598.6069244504276	1048138.6892138596	1378.2721177781996	162.80154677738744	PS150426
469	339.6707047854168	0.9765357345690122	700.1772989750525	1184627.413131008	666.9854587054025	228.56576379136197	PS150426
470	17.335442953437123	0.6363458489773774	794.8699579176458	241936.30093677447	149.60357031846948	220.1550467017306	PS150426
471	91.34700152057144	0.8042461906025468	-680.0303302059401	254965.35797322335	158.93136918622716	219.44901460571396	PS150426
472	600.4495782406813	0.9855509474228376	-579.880375594829	2266605.2021615696	354.07727184484077	381.71229294318505	PS150426
473	933.329291458719	0.941029335892028	-470.18214555637906	882431.5301518806	1218.0444739985985	159.67324919408702	PS150426
474	517.9647400560316	0.8843143696306269	579.880375594829	1247104.090090393	500.3936844690174	261.73473844276157	PS150426
475	31.696278651275403	0.8970720746655694	680.0303302059401	324713.4091784833	115.19803377281106	274.9457917870411	PS150426
476	8.855579332600891	0.1831644064300284	-880.3017948408375	216161.4064078071	152.76371430368832	208.702760455708	PS150426
477	12.0460991891505	0.3454125154719937	-658.0586979897766	205950.06463738877	207.03444810061396	181.26449358089053	PS150426
478	10.41369832903681	-3.180245916446334	-557.5941624515092	187888.43929707032	231.2419385263337	167.1700210629332	PS150426
479	437.71714893789095	0.9762036236545922	-442.4378487426228	1607285.9962759635	213.3228682174687	407.424660939706	PS150426
480	981.0679701162594	0.973780003348428	-327.81130242869904	866532.1958840518	1304.3562477193634	154.23410103193137	PS150426
481	574.2962550314702	0.983098873469924	765.2118987574618	983792.0120669912	1098.0570422771511	173.83465913558587	PS150426
482	296.6765107165754	0.9549207244509762	880.3017948408375	1257241.3679073155	463.7718454197976	270.68907446798573	PS150426
483	12.30283650219155	0.7775885743891513	-890.7134780612674	213837.73932524855	110.34697227921106	236.67619980116228	PS150426
484	27.473598931700803	0.2807081435884726	-661.1085387438284	246182.9322854175	140.7073287228072	227.19643005530804	PS150426
485	616.3572264564611	0.980257093057909	-551.424065488622	2671040.551528873	320.0264130645471	424.4464223108788	PS150426
486	262.0057742356422	0.8262525188975447	-436.3078041933241	787790.9465911685	955.5868351057449	168.14398858663105	PS150426
487	572.2022306871279	0.9699876566670474	666.5541988465754	845778.3748726016	1302.4619716533934	152.8345786943263	PS150426
488	320.63873485677385	0.9513834139181476	775.61104943135	1671314.3852842962	489.9693058749575	296.7431652784113	PS150426
489	27.513408698480426	0.8573414243413418	890.7134780612674	306120.4436286493	113.33787121369478	270.2912130260456	PS150426
490	33.23952509511557	0.5830621489789739	-920.6628047227714	180894.1919726976	279.2298835992816	152.68982779258317	PS150426
491	23.80689564478746	0.6252932698171341	-807.0024783109405	196087.8465683181	172.8926148210008	191.0269791828473	PS150426
492	26.77523985288187	0.839196683642365	-692.9429990987715	268106.075509893	74.93742769641219	302.46015044829005	PS150426
493	370.2359257788872	0.9157915977404032	-583.7850631867863	2522859.9375876663	315.0235270718172	417.4890358296536	PS150426
494	202.69424149167975	0.9549530308553906	757.7704137797939	1303630.989944709	588.4773667998694	249.6864524110537	PS150426
495	17.61644134555479	0.3623725268992672	835.2586425772558	345395.1916712827	119.0531051400317	278.1347407155588	PS150426
496	23.201874001987974	-0.1530109443275304	920.6628047227714	212273.90724444843	306.38543319409433	156.8470715090358	PS150426
497	21.88506098555641	0.6656003339051685	-908.327033617298	263100.5714247026	92.17494823610603	276.3303389648819	PS150426
498	610.4845298941892	0.9862930133662522	-814.2389084292153	3217339.2323450493	353.2978662745727	439.5085724920733	PS150426
499	614.232538425533	0.9628966638246448	448.1450657990111	1086920.249929827	664.1175181405804	221.2106906463464	PS150426
500	22.26605281298654	-0.3197918489490647	550.0445436507847	301506.1344457207	213.2925750046237	208.6186738429516	PS150426
501	15.94953783864639	-0.0089833621868375	672.0751446081011	282816.9886652246	155.79288199291454	230.57284970036935	PS150426
502	16.59025920544436	0.7372714820606507	780.4261656300357	246772.55792807197	102.82264063223272	257.8150454510537	PS150426
503	20.906119772603567	0.3391507554465167	908.327033617298	216194.2131323283	151.28383256279787	209.52972013090255	PS150426
504	16.373608878022964	0.8892340384318818	-929.736790710145	215040.42788995657	124.78830539828148	225.82057325882727	PS150426
505	13.781094794590702	0.8074145379593254	-828.4820456714798	216804.0423831869	79.39494907291058	271.4781084839334	PS150426
506	19.37690699415715	0.9346357309311012	-719.5793910334008	229900.3660518521	91.03967208773942	263.11681618332125	PS150426
507	341.18952474926573	0.817404140094799	-632.201312874309	1453547.4103764074	229.2778761237736	380.234776211146	PS150426
508	1209.196609033218	0.9847016565595093	-537.5113952280453	1002453.5259364567	1269.276383312775	165.28301769646964	PS150426
509	827.7439879369261	0.9589807130435346	537.5113952280453	1142232.2910542502	976.1551531381168	193.42795802861076	PS150426
510	219.33597125172815	0.9822590308799164	633.1307132022581	1338685.4255781183	405.4973098542917	292.8877699465223	PS150426
511	19.856085082217536	0.7858842254083589	733.4333643897038	371165.3700907049	118.34055784346168	286.9449257000972	PS150426
512	43.18498729560613	0.3134230180028102	843.3448286436575	220185.05100932263	292.1664030499483	162.21388910371832	PS150426
513	13.345152843699529	0.4206913365591861	929.736790710145	239167.57004614695	83.1221809703067	277.2165527760967	PS150426
514	27.867393031618544	0.8243370025183837	-809.4161476027026	209295.56260393403	146.6763095331007	209.40402868924969	PS150426
515	24.186198649995735	0.7935237583160031	-727.9096784629257	230542.4322379239	88.0893237696953	266.90459586522604	PS150426
516	17.986310331758926	0.7760884124273439	-640.8529472507714	271992.9347249446	52.064492311753334	351.909838052964	PS150426
517	83.23374866748084	-0.0470086346684137	-546.7289090582278	726657.1202582221	118.31080040665418	375.44564454483975	PS150426
518	670.5191478086407	0.9609954376365194	-458.2908465156161	2895313.4803959294	297.3672510887848	451.42540450171725	PS150426
519	1474.0576827187574	0.972960854633706	-364.2670723521411	837157.9412883568	1277.2757020462548	153.40309239705437	PS150426
520	444.02802086487793	0.91648073129972	357.7016913574774	961691.2562366436	988.4464013476356	179.66274520371223	PS150426
521	659.4438328754871	0.9638378129453952	445.2106243116846	1250964.6588016625	868.0565491212803	210.23442102859212	PS150426
522	513.5782734272971	0.9898519850957392	539.3630502731903	1704771.6510257423	396.59605685280536	325.5008622362395	PS150426
523	29.342875410299836	0.7644769616102987	627.2977761797024	696506.7738408003	139.49268366988974	345.60067347187294	PS150426
524	20.97294450247365	0.7322817292766719	721.5140331275616	244886.97543562503	103.86154499330628	255.99375905747	PS150426
525	27.687972388894213	0.529935115663001	809.4161476027026	222425.33974194867	133.86721280380348	222.5507338773765	PS150426
526	11.732116046084306	0.307810666399443	-746.345764374663	230646.43759812275	70.1788495327787	292.36219707129874	PS150426
527	14.105119414830574	0.7819072220166929	-679.3909036776987	244789.51704869245	53.32121751790331	334.1812794455424	PS150426
528	10.49041243772366	0.5702720408655302	-597.3181731707148	247798.0556623041	56.28933121135923	328.61980714815763	PS150426
529	131.13766623830392	0.9553496055932336	-516.5597738887534	695420.5542515186	102.62600921611958	390.5000078231394	PS150426
530	391.5730620288936	0.9263281539802024	-434.8907908889311	1628328.8783505342	171.21861905021197	447.1996636693016	PS150426
531	494.61854979778747	0.9327702521069028	-367.9266231193389	2187553.2308120835	227.33386682159957	449.3066127334866	PS150426
532	571.1590102521008	0.9813734640915572	-287.1671986839723	2816501.4708716203	310.6321124554538	438.7432693153738	PS150426
533	666.6339384436185	0.94030800194273	-205.50669088864237	2428798.0276863263	411.17156464798154	369.63436915521015	PS150426
534	431.98707871611873	0.9921329681122502	-124.3905141077888	1881866.241761597	381.1791089989168	344.0399521696936	PS150426
535	617.4966650893401	0.9585097352211644	-43.9089968002003	1778217.5119935856	458.08343124933526	312.49360474900993	PS150426
536	434.2189266384783	0.9435506064043708	24.35159132377184	1818208.046441815	403.2397506741641	331.78527628288987	PS150426
537	376.97163764716913	0.9911533747719996	105.1094667477673	1980102.6985548777	322.68293603993305	375.3096234814931	PS150426
538	573.50257321377	0.8266941125316503	186.81541692269408	2385495.6051065624	320.503497917452	405.4369751019075	PS150426
539	294.08787729693	0.9863802857271632	267.5911059807482	1553350.1752529948	220.04345019192655	396.9441301240573	PS150426
540	217.9927656266372	0.900699888182997	348.36762191684807	830346.0090722826	167.88708069008322	344.28788777083207	PS150426
541	43.09607769758567	0.960272302784057	416.5405142360104	383821.89712032385	109.02642103418604	300.5136551800973	PS150426
542	16.177835601781457	0.8820921036726023	497.31378424491714	257411.08302773145	77.97063067382066	292.88929056889424	PS150426
543	31.496958279805824	0.447052184827488	578.0882285603124	243935.65989423465	144.297501310284	224.09471114920564	PS150426
544	17.538786424337026	0.0157151417053708	659.7893603264606	206259.05659518836	178.13581196187957	192.61483363160744	PS150426
545	18.144419828536986	0.1654572773034168	746.345764374663	213160.98674539724	239.3009363510478	173.43244384000502	PS150426
