	ALL_dist	ALL_eta	ALL_cp_x	chrm
0	-446.9980425013067	0.2684976007293549	162.06180068008632	PS150221
1	-366.50136425394106	0.7601746049274777	386.3514469413226	PS150221
2	-286.00568176174403	0.8587396653901238	500.5948728612733	PS150221
3	-206.848374419525	0.7679384914253016	358.5498889953425	PS150221
4	-126.3576273914638	0.7313610700982052	250.41773385665772	PS150221
5	-45.89389937671455	0.6922364182820133	213.06310489695784	PS150221
6	45.5	0.6581684760189503	204.28069384697108	PS150221
7	125.92954379334502	0.2893332888730563	179.1236022515874	PS150221
8	206.41281452468013	0.7438155431266515	318.3236960086666	PS150221
9	286.00568176174403	0.6954005935776668	288.6861188434125	PS150221
10	366.50136425394106	0.746227121583847	345.26404455266504	PS150221
11	446.9980425013067	0.581825017483459	177.04603790927024	PS150221
12	-602.3176072472064	0.0970872416010228	337.8118043649821	PS150221
13	-521.8414510174522	0.5197135376596396	355.22740990693603	PS150221
14	-441.37342466442175	0.8086291018374808	690.8556684306786	PS150221
15	-361.829379680534	0.7826509882794006	522.0346103859533	PS150221
16	-281.4045131123522	0.7295902750274741	323.23131825957967	PS150221
17	-205.9623752047932	0.532358337012897	174.97061443941936	PS150221
18	-45.03887209955418	0.5022277231716235	156.38933448129671	PS150221
19	46.351914739307155	0.5743706360067378	178.52959574941508	PS150221
20	125.90671149704453	0.5477439802910481	166.6238318900206	PS150221
21	205.9623752047932	0.4918741570024986	164.1821386828003	PS150221
22	281.4045131123522	0.5968781495383272	164.86498388397536	PS150221
23	361.829379680534	0.7080504627653138	225.73469848816265	PS150221
24	442.2810192626403	0.7299678409037639	252.01031450200185	PS150221
25	522.7470707713244	0.6545705641271007	305.92167986125617	PS150221
26	602.3176072472064	0.6211607512933152	175.02033724972227	PS150221
27	-581.1613373238106	0.6816231285893142	382.4390804216391	PS150221
28	-494.7671169348262	0.9165290734045002	702.8443408573794	PS150221
29	-407.4193171659881	0.7328597003074679	354.33347716515664	PS150221
30	-331.5516551006796	0.6353001493142325	256.84259404696377	PS150221
31	-244.4964212417024	0.5436193356044239	190.3578951761166	PS150221
32	5.522680508593631	0.4148773504270341	152.88198746805722	PS150221
33	168.34042889335882	0.5214931916507443	184.75150832459977	PS150221
34	255.7000195541643	0.5697741666519489	233.36696269911977	PS150221
35	331.5516551006796	0.7140416129314657	285.0994594355449	PS150221
36	418.90631410853666	0.6920163870622549	221.70888097808736	PS150221
37	505.304363725468	0.5773027800328332	248.3091963280898	PS150221
38	581.1613373238106	0.268161949385882	169.5910578504413	PS150221
39	-833.4776541695644	0.1018753544440053	390.79076763974786	PS150221
40	-757.6681331559353	0.0106498504218348	238.42648399385735	PS150221
41	-666.6963326732794	0.0515156545657539	220.2498122842304	PS150221
42	-580.6694412486333	0.7885507830460957	699.2513539995672	PS150221
43	-489.3107397145499	0.7972429870611458	470.7237143417043	PS150221
44	-397.96607895648594	0.641471397253489	259.78336519154936	PS150221
45	-311.0771608459869	0.5150392979490553	173.50274609281223	PS150221
46	216.33307652783935	0.5687259848166291	159.03849374218964	PS150221
47	307.58413483143113	0.7315998031696478	250.58707735133555	PS150221
48	393.7829351305107	0.6848200216727263	306.55520118809545	PS150221
49	485.0247416369602	0.6573130638095674	358.5174695058404	PS150221
50	575.960068060278	0.7011360176916765	260.29272515253035	PS150221
51	663.0671157582767	0.6169606802188865	197.75471277431393	PS150221
52	754.3328177933133	0.1484974373022299	171.16533637443956	PS150221
53	833.4776541695644	0.0085585848674992	258.81426874662293	PS150221
54	-795.908600280208	0.0375022294346681	267.19653936722955	PS150221
55	-543.6676374403759	0.4661278360278351	745.8461290989849	PS150221
56	-463.2607257258055	0.8833206502757759	623.6082127166786	PS150221
57	-371.8743067220428	0.684741172538607	271.4348729890547	PS150221
58	-292.42520411209426	0.637302196169383	187.4702502685035	PS150221
59	126.38235636353676	0.5235805384986617	150.5931344043787	PS150221
60	216.8328849598234	0.5446583767702646	169.30341402850604	PS150221
61	297.2885803390369	0.6969668456798601	233.40073968340255	PS150221
62	377.7624915207967	0.6968650276399786	238.4252697482424	PS150221
63	469.1018013182213	0.2857362153808858	281.4793803941352	PS150221
64	549.5711964795826	0.6988538822040724	267.04510248147506	PS150221
65	640.9153610267116	0.7147975503352688	311.4385745022861	PS150221
66	720.4765783840583	0.39483386176751	456.18966629854367	PS150221
67	795.908600280208	-0.0014990740269795	352.3571415843992	PS150221
68	-756.2397106738048	0.1309606872035237	554.2432939537321	PS150221
69	-681.0657090178597	-0.0064308709209164	274.5447840938757	PS150221
70	-596.2704923103272	0.0272630947842364	205.74089712034595	PS150221
71	-523.2881615324391	0.5946679175054268	467.16087617954537	PS150221
72	-438.5230894719228	0.8339685413837652	665.2804907501661	PS150221
73	-364.55520843899626	0.9386361619822416	698.9264274207231	PS150221
74	-279.7364831408302	0.8948984156936024	746.7987972245488	PS150221
75	-194.94742881094896	0.7227692632094713	341.4230925644308	PS150221
76	-121.98565489433584	0.5509433827143756	219.2181107404541	PS150221
77	-37.63641853311763	0.4679426005414833	186.00933404120713	PS150221
78	38.268786236304905	0.438548646708085	174.96462295444996	PS150221
79	121.78875153313626	0.5416788678101407	185.60430544799	PS150221
80	194.7626760958064	0.6553543016974508	219.47966500867145	PS150221
81	279.5648404216811	0.7925313555216011	368.02611868611586	PS150221
82	364.3905871451676	0.793852363801921	409.07132554530983	PS150221
83	439.5048350132226	0.747919944553894	427.4386142402642	PS150221
84	523.2881615324391	0.7932285791264009	481.218060309344	PS150221
85	596.2704923103272	0.7480735177587793	312.82486219021075	PS150221
86	681.0657090178597	0.4803113669537895	213.72221668492875	PS150221
87	756.2397106738048	0.0690940979689539	302.4424409707432	PS150221
88	790.3519785513288	-0.031102871002534	298.1405978631607	PS150221
89	718.9382796874847	0.1871235700811073	213.88952797138143	PS150221
90	634.0885190570793	0.3289884866919067	290.07153544753976	PS150221
91	549.2397017696372	0.529767781428073	427.95054423689805	PS150221
92	465.3839812455946	0.7869812262385012	555.3741313151734	PS150221
93	380.5394197714608	0.7596433082387859	420.66617860920985	PS150221
94	295.6995941830154	0.699865547683286	380.85483673103965	PS150221
95	210.87022075200665	0.6612092395203986	302.60750286356654	PS150221
96	126.07239983438087	0.6252839262274619	252.97883907712037	PS150221
97	42.5	0.5123674647495414	181.6670538898161	PS150221
98	-114.13259832317848	0.4807477396871176	164.41006969157797	PS150221
99	-198.95288386952325	0.5890487919767633	286.6719364398248	PS150221
100	-283.7926179448648	0.7123655739385224	732.3777153962491	PS150221
101	-368.63837293477735	0.7801582285383216	671.2541950504205	PS150221
102	-452.4955800889109	0.5575140376915626	542.5149940527588	PS150221
103	-537.3455592074806	0.1692522014392703	460.3932292876853	PS150221
104	-622.1963114644766	0.117392815432308	466.39641030891096	PS150221
105	-707.0475585135698	0.1307583681089634	446.7961721923961	PS150221
106	-790.3519785513288	0.0933717690457858	440.4393616310598	PS150221
107	1024.3613864257086	0.3092471282022864	451.50290956826893	PS150221
108	917.4618520679757	0.1357364072725713	386.09074439296785	PS150221
109	809.5901741004519	0.1511312469885677	284.4170285520928	PS150221
110	701.1421039988969	0.5093388213443575	469.6537932024805	PS150221
111	593.2590075169529	0.6271836523549326	583.5011829953131	PS150221
112	485.4279040187121	0.806227238441851	658.9065221577915	PS150221
113	377.92889542875656	0.8479653863975515	649.6656581264153	PS150221
114	270.10044427953096	0.6748918576274985	416.1835697510981	PS150221
115	162.5	0.6327846752554716	347.906444530562	PS150221
116	53.83539727725616	0.578818485038623	299.0742775929433	PS150221
117	-53.83539727725616	0.5247144145276127	259.84950743448667	PS150221
118	-161.6114166759267	0.53199559368909	269.37718038901005	PS150221
119	-269.56678207820784	0.594563570336474	346.37066763905534	PS150221
120	-377.5476791082154	0.7341836415846899	685.495772209573	PS150221
121	-484.8342500277801	0.6683761023217392	623.6979851618446	PS150221
122	-592.773354664327	0.1612475641070188	452.9927035160489	PS150221
123	-700.7312252211971	0.2112997081792743	374.481020337798	PS150221
124	-809.0563948205341	0.0642076780216273	453.76224293761686	PS150221
125	-915.9914027980832	0.0110358170832018	392.7132033470691	PS150221
126	-1024.3613864257086	0.0590136525918734	410.75577557438896	PS150221
127	1143.6339012113972	0.1116680150175467	440.94892232442373	PS150221
128	1011.6513727564452	-0.1274874747328302	210.7756757825614	PS150221
129	891.6717445338279	-0.1208645551673566	197.41612336825577	PS150221
130	772.6981946400548	0.0317785005096664	229.41838052243045	PS150221
131	652.7346321438752	0.3451189737127096	399.45165973688256	PS150221
132	532.5284029983753	0.629030316102366	585.1635734946003	PS150221
133	412.5366650371819	0.7620872183072505	658.4266801123738	PS150221
134	293.5515286964113	0.6494413053021424	417.0870266330172	PS150221
135	173.58715390258578	0.4803409767151996	182.20316396416888	PS150221
136	53.781967238099426	0.4175403560954522	153.44562398296387	PS150221
137	-65.82172893505609	0.3970004551236099	156.96674294615332	PS150221
138	-185.61384646625908	0.4189797160613981	177.4685353593502	PS150221
139	-305.5691411121221	0.5357922391531411	201.1440281706923	PS150221
140	-425.549644577457	0.4915579643990659	226.89377591067185	PS150221
141	-544.5387956794264	0.5043190747204629	232.55631772251775	PS150221
142	-664.7303964766468	0.6209398013851476	242.1907891106956	PS150221
143	-784.6951637419463	0.693629585474884	465.82551636446215	PS150221
144	-904.6692765867537	0.0886112591008473	421.94371001517607	PS150221
145	-1023.6495982512766	0.1015938610627614	385.7272377053655	PS150221
146	-1143.6339012113972	0.1099141117707808	367.34941780512975	PS150221
147	1077.5668192738676	0.0166505191609557	369.2376348801232	PS150221
148	969.5	0.0534627516319683	373.00374912362906	PS150221
149	862.5	-0.1165028187338215	195.9815828085792	PS150221
150	634.5	0.5512905578088846	275.66624742607416	PS150221
151	514.5	0.6674598078984699	461.107131757223	PS150221
152	407.5	0.8154954203280032	395.1281530439179	PS150221
153	287.5	0.7458684577825482	303.77533651764054	PS150221
154	179.5	0.5997820861015002	177.7539642970164	PS150221
155	-47.5	0.4813282903202455	159.92225902468692	PS150221
156	-167.5	0.4752569706946291	176.57504259133634	PS150221
157	-275.5	0.5276269046853226	190.5144604540252	PS150221
158	-395.5	0.5516287568609841	179.84715830617756	PS150221
159	-502.5	0.5389073429901351	224.63137832905568	PS150221
160	-622.5	0.5866564048092124	290.2530739240051	PS150221
161	-730.5	0.638439670075833	350.2428818401463	PS150221
162	-850.5	0.3279867143677613	471.1805425240508	PS150221
163	-957.5	0.27488229374565	437.7636295584218	PS150221
164	-1077.5668192738676	0.0697628668595108	436.6162228064786	PS150221
165	951.5189173106334	-0.011692855546459	307.05484789468926	PS150221
166	844.5213141182406	-0.1102560724387262	174.8054441546616	PS150221
167	748.5240477098915	-0.0273569957278081	253.41854229046896	PS150221
168	652.5275856237804	0.1029637623166533	340.65056298997047	PS150221
169	544.5330568477914	0.13695523479393	271.4521871723829	PS150221
170	449.5400427103241	0.483084467027438	255.09318844968675	PS150221
171	353.5509157108775	0.7621032231954973	379.4851824752302	PS150221
172	245.57330881022065	0.7924118363178205	361.4903906423949	PS150221
173	149.62035289358195	0.7638488201206228	289.84129487353744	PS150221
174	53.83539727725616	0.7689001331902812	303.7287426477486	PS150221
175	-53.83539727725616	0.7475863405994442	294.0090438589581	PS150221
176	-149.62035289358195	0.6714259417258688	273.55643035979233	PS150221
177	-245.57330881022065	0.6882480878654074	326.080663736834	PS150221
178	-353.5509157108775	0.722094889306937	397.45958390793726	PS150221
179	-448.54013198375014	0.7984977213881069	577.1071457314167	PS150221
180	-544.5330568477914	0.652268651442556	423.4696544433136	PS150221
181	-652.5275856237804	0.3690094789423003	376.0810296311854	PS150221
182	-748.5240477098915	0.175203186293282	436.6842847721515	PS150221
183	-844.5213141182406	0.099825768709297	354.1741342226643	PS150221
184	-951.5189173106334	0.0569971077821451	338.84087906290233	PS150221
185	640.4734576857967	0.2896793722099718	169.88492390951956	PS150355
186	537.5930152076011	0.6526551669889193	181.76824362569243	PS150355
187	-640.4734576857967	0.3541954765440616	170.50836664517237	PS150355
188	686.740489559193	0.4780423636292189	259.57097098500617	PS150355
189	-686.740489559193	0.6187273257006713	161.2066692443109	PS150355
190	710.5281486331136	0.833110793267347	346.7110034597222	PS150355
191	-710.5281486331136	0.7920038282382326	294.6978982198408	PS150355
192	1019.103159645774	-0.0935311910465488	179.47221898780788	PS150355
193	904.9249968920076	-0.0549125935994683	204.8115150803895	PS150355
194	801.8954108859833	0.1637805882881295	300.1435881027429	PS150355
195	699.1267767722818	0.7072914917862714	205.4348847936385	PS150355
196	-699.1267767722818	0.7984164532461725	291.2676145901669	PS150355
197	-802.125457768297	0.4042464040724666	155.0927561904457	PS150355
198	-1019.103159645774	-0.0754649982789332	231.86654651270217	PS150355
199	852.0930113549812	-0.0401155773094734	283.2107287171682	PS150355
200	652.97205146928	-0.0054177765306366	244.1120667988791	PS150355
201	539.1627769050828	0.826480773953506	343.3950287075902	PS150355
202	453.01931526150184	0.5530287835811051	208.95110207301968	PS150355
203	-565.042033834652	0.6096335455147496	175.37295848835902	PS150355
204	-651.1378502283521	0.6715186878637429	226.21918974972905	PS150355
205	-751.119497816426	0.56522821311937	284.8054816989286	PS150355
206	-852.0930113549812	0.0774926493275075	285.27006034369685	PS150355
207	745.037750721398	-0.0479435353706094	215.5005170165764	PS150355
208	646.0435356847091	0.1561785970548163	204.70595625232025	PS150355
209	547.051414402705	0.702970920902263	219.85710530330755	PS150355
210	447.06291503545674	0.5850272718811427	229.5851722823236	PS150355
211	-347.08104240940617	0.88226586738504	564.9210206458404	PS150355
212	-447.06291503545674	0.093659121021066	501.5191475415484	PS150355
213	-546.0515085594033	0.006797898947972	316.7166024730452	PS150355
214	-645.0436031773356	-0.0790470343548606	196.0109953101337	PS150355
215	-745.037750721398	-0.0523366384049697	244.51513799817235	PS150355
216	1029.0	0.115449102087295	166.75661104350138	PS150355
217	901.0	-0.0345085171652783	293.31317255232955	PS150355
218	802.0	-0.0464378218990988	263.7830276689509	PS150355
219	575.0	-0.0636742400886536	197.4412094218477	PS150355
220	461.0	0.7606814423258859	411.0875272537884	PS150355
221	348.0	0.7361303909772552	255.36759773072257	PS150355
222	-447.0	0.5126414324934991	163.12385041651692	PS150355
223	-575.0	0.7617232058958692	539.7477132587064	PS150355
224	-688.0	-0.0170717307461523	352.6365864680778	PS150355
225	-802.0	-0.0686187542310816	217.73915491247575	PS150355
226	-901.0	-0.0507100139931475	278.781406248899	PS150355
227	-1029.0	-0.0273849292864958	291.6103454221086	PS150355
228	789.5601623688976	-0.085414309148939	206.73819523916825	PS150355
229	676.9041660382952	0.698472504237411	316.05625098123573	PS150355
230	577.1041933654615	0.7798086972831657	382.46598904541406	PS150355
231	-362.5827491759639	0.7959160463044901	404.8517265525811	PS150355
232	-476.4443829031884	0.1578973478245983	474.6423304811272	PS150355
233	-576.1069779129567	-0.0372538024513904	365.9543637713576	PS150355
234	-675.9077229918297	-0.0414958265497984	337.1355178214433	PS150355
235	-789.5601623688976	-0.111453934311245	152.5354496153617	PS150355
236	944.284517505185	-0.0238895254338604	302.8305897912775	PS150355
237	846.1957515847027	-0.0174664072235637	353.0395268652909	PS150355
238	732.2132544552851	0.1947834108998993	348.1067956018903	PS150355
239	629.3522463612885	0.7189419563176647	248.80068481889043	PS150355
240	531.2572352448482	0.6752911284649583	214.5472449517127	PS150355
241	-315.4873214568218	0.854843089693508	324.3263699225413	PS150355
242	-428.4276485008874	0.3958877154322211	488.27514110493377	PS150355
243	-528.3902440431693	0.0207613753401179	466.2040921306816	PS150355
244	-631.2402474494161	-0.0423292525848224	317.3263188723288	PS150355
245	-743.2161529460996	-0.0090359497969774	365.4998410803038	PS150355
246	-845.2060399689534	-0.0127262573958411	383.5508616251317	PS150355
247	-944.284517505185	-0.0933105602956201	210.99699088066905	PS150355
248	525.7435211203273	0.6080678276651788	181.99189739873725	PS151249
249	415.575805359263	0.7799180855039359	240.07075161861212	PS151249
250	-321.3817823088297	0.5660602240894783	151.076396484861	PS151249
251	-431.5498233112835	0.6051905532464267	193.7198649377424	PS151249
252	-525.7435211203273	0.693807391697864	203.93909035141144	PS151249
253	548.3812542383264	0.678739310455531	199.03515015596724	PS151249
254	-223.1882613400624	0.4437257892263281	399.8345622310097	PS151249
255	-548.3812542383264	0.7637448560866601	234.4541461468922	PS151249
256	732.014514883414	0.0557713911669373	417.3367042963829	PS151249
257	495.30318997559465	0.7917858381838275	252.4731684194528	PS151249
258	385.59856068196103	0.6628261594923822	167.3732341823212	PS151249
259	-732.014514883414	0.6443955758965668	223.3083539400573	PS151249
260	621.1058685924647	0.7034088043501617	205.58829583684096	PS151249
261	-76.095334942426	0.3720459810918353	392.1269712805906	PS151249
262	-535.6047983354891	0.53856691280182	152.35128594078526	PS151249
263	-621.1058685924647	0.6463392139780466	247.31493714298767	PS151249
264	633.3571267460405	0.7862983443297912	273.3152826815733	PS151249
265	523.3700889428054	0.6987938390903734	174.18909751960177	PS151249
266	426.1070874791923	0.5817195573396424	155.43114907938605	PS151249
267	-633.3571267460405	0.7657181802676198	288.0398478928671	PS151249
268	649.7768847843081	0.6296405515602126	263.6646406485652	PS151249
269	536.2471445145419	0.7341507064265387	194.58071313996572	PS151249
270	-520.9990403062178	0.5453658029128814	263.6937625906852	PS151249
271	-649.7768847843081	0.6262883710996207	231.8685489234134	PS151249
272	539.8008892174965	0.6680666572536101	207.40564783284424	PS151249
273	-539.8008892174965	0.7543137264614459	261.13737853593227	PS151249
274	471.56680332695174	0.6428672537216611	197.4453443711111	PS151249
275	-471.56680332695174	0.681113262556325	254.2093527730151	PS151249
276	565.6715036131836	0.7735840281686418	220.60269168627633	PS151249
277	461.52275133518606	0.6059912145667476	188.30849174621775	PS151249
278	-565.6715036131836	0.7581354278398811	266.46594471568653	PS151249
279	478.2167395648128	0.7893501511608803	246.02407711947353	PS151249
280	-478.2167395648128	0.6954108080554291	205.53979410324575	PS151249
281	543.2184183180832	0.5350043259736699	187.26768004610085	PS151249
282	490.47757339148546	0.7162403513273421	196.3403221924924	PS151249
283	453.56835207055616	0.6748197126935016	156.79941288922873	PS151249
284	420.7615120231412	0.6599660925953726	541.1144009187394	PS151249
285	-234.50213218646863	0.6771453925514552	151.2353291276022	PS151249
286	-316.27084911512156	0.6705840794323825	202.6491087170197	PS151249
287	-543.2184183180832	-0.1215145962929649	362.6459354607739	PS151249
288	543.7209762368931	0.2967245654552727	152.7958158507247	PS150452
289	434.7763793032	0.7401507807819583	256.34360564578196	PS150452
290	326.5003828481676	0.698700260893691	232.8576159237706	PS150452
291	217.5005747118844	0.4555084053952779	163.71684531536323	PS150452
292	-325.8688386452439	0.6556924088039893	186.4664515413737	PS150452
293	-434.7763793032	0.6166488032455071	164.60999185044022	PS150452
294	-543.7209762368931	0.5783410226427925	182.6805569158248	PS150452
295	620.693563685012	0.7094373113658518	262.3357633761093	PS150452
296	496.5002517622725	0.6402062015104175	233.48911156115503	PS150452
297	372.5003355703186	0.4344955283774001	185.64884153211676	PS150452
298	248.50050301759956	0.3760532950256569	150.945504517034	PS150452
299	-125.46114936505244	0.428644782677428	155.84618494510903	PS150452
300	-620.693563685012	0.5925932150250857	196.64114079478713	PS150452
301	613.450283234102	0.7602892264159249	282.84116648649433	PS150452
302	504.5475696106364	0.5572240922583538	189.41390822511391	PS150452
303	302.09311478416714	0.4025124915057435	175.55434962753873	PS150452
304	-303.0928075689029	0.4692389299016193	151.74877334440168	PS150452
305	-411.0684249611006	0.5224862573611797	156.6735839073292	PS150452
306	-520.054083725914	0.7581804657851822	238.1714607440215	PS150452
307	-613.450283234102	0.2817050393814222	248.1173855263307	PS150452
308	690.5407301528275	0.1639733322753002	151.75325733481804	PS150452
309	582.5482812608755	-0.003932777685593	247.3294935151506	PS150452
310	473.5593943741376	0.7400933563393517	381.9119912400042	PS150452
311	364.5771523285572	0.6006475490053373	243.44622656930233	PS150452
312	-582.5482812608755	0.6488778436500017	191.62482991021443	PS150452
313	-690.5407301528275	0.6016715775114687	258.5914016991494	PS150452
314	621.4257799608896	0.0975216230924694	241.38264149535905	PS150452
315	512.5163412028928	0.6908047249219433	273.04481560590466	PS150452
316	419.0763653560052	0.666135776972153	207.6695027467017	PS150452
317	-419.6307901000592	0.5587305769018369	198.5190337444103	PS150452
318	-512.5163412028928	0.7413519103447406	383.46012057199175	PS150452
319	-621.4257799608896	0.0919663135948257	164.49866653489994	PS150452
320	768.0416655364473	0.0583081125996404	223.374920180623	PS150452
321	660.0484830677213	0.0189474469887502	196.52493564577435	PS150452
322	567.0564345812505	0.067120840357256	203.67010894137115	PS150452
323	473.0676484394171	0.7902494052025988	309.9380580001217	PS150452
324	380.0842011975768	0.687959158707726	188.16141657792025	PS150452
325	-489.0654352947057	0.5651116993787174	180.00313662348242	PS150452
326	-582.0549802209409	0.7203757938786584	248.28369293264325	PS150452
327	-675.0474057427374	0.6952834137099875	327.7491682877734	PS150452
328	-768.0416655364473	0.3388428574073467	285.43562955961113	PS150452
329	753.6378440603949	0.099471647441104	240.59207856497108	PS150452
330	660.1704325399616	0.1290541828425923	242.129292869354	PS150452
331	551.2041364140875	0.5606979203683945	307.354054676641	PS150452
332	458.245567354448	0.6035681762142948	160.19274161136138	PS150452
333	-551.8713618226625	0.608610074050365	172.3267334652022	PS150452
334	-660.7276292088897	0.777591408278416	266.0984179230396	PS150452
335	-753.6378440603949	0.2740385211798845	356.77240968020146	PS150452
336	761.4993434008989	0.0684905970218515	201.69821025865133	PS150452
337	652.9052381471603	0.1410032031689215	204.95932315876507	PS150452
338	543.9864428457753	0.5408562604787703	267.5274313821226	PS150452
339	451.08674332106017	0.7994772293370708	267.13907480631974	PS150452
340	-668.6383551666776	0.7160372817368841	198.59596574084603	PS150452
341	-761.4993434008989	0.6691450652221753	210.1865527619251	PS150452
342	777.9114666849949	0.0762075780725962	172.20192234528406	PS150452
343	668.1102079747023	0.0084953754371354	159.86133991500515	PS150452
344	559.3266040516936	0.4765925582823743	204.26700916880247	PS150452
345	465.59343852764937	0.7711512344323441	241.6622943799283	PS150452
346	-669.1085487422799	0.737958035048783	221.4117459946849	PS150452
347	-777.9114666849949	0.2461056447072126	236.2303394629475	PS150452
348	753.935342055272	0.2100306983846359	174.6758166183032	PS150452
349	645.1778824479339	0.0611864604482998	187.7578200071996	PS150452
350	443.6197696225902	0.5650653934412962	232.51146920871895	PS150452
351	350.91665677194635	0.8108198350360306	274.6834940674364	PS150452
352	240.99896265336912	0.5753340105926998	187.1792846662536	PS150452
353	-645.2693236161161	0.7523644983344069	212.38728555543855	PS150452
354	-753.935342055272	0.4527449091144307	247.60261182760792	PS150452
355	699.547174963919	0.073778092577463	200.96625009544243	PS150452
356	606.7843521383853	0.0457892905056048	167.44275721836186	PS150452
357	514.1072358953918	0.0558618811774601	308.3839325825925	PS150452
358	420.1086169075802	0.4157731569696418	230.6375695652698	PS150452
359	327.42365522362616	0.762840446353807	337.2027551200903	PS150452
360	233.5149888122816	0.7763790918601334	258.7325054912724	PS150452
361	140.8554223308425	0.6429027059838731	200.45622837406347	PS150452
362	49.48989795907848	0.5965423719128338	202.1913788954151	PS150452
363	-47.00265949922408	0.4957618992118576	150.08581816526987	PS150452
364	-140.00089285429576	0.4968578711229009	164.17715456456733	PS150452
365	-233.5149888122816	0.6144100522700339	217.77811942944584	PS150452
366	-326.36827358062857	0.7217059315978887	199.06818481552864	PS150452
367	-420.18240086895594	0.779022461755871	304.5955220469199	PS150452
368	-512.968078928894	0.4932272219130804	279.63704545387407	PS150452
369	-605.8194863158496	0.1430497965107166	220.6239766402755	PS150452
370	-699.547174963919	0.0515320071332191	170.54926733495074	PS150452
371	-537.5113952280453	0.8292429669570113	429.1720465395772	PS150426
372	-441.977940626	0.6017377360058447	220.5132001037448	PS150426
373	442.897843751807	0.6746897703315035	169.64776058381813	PS150426
374	537.5113952280453	0.7594641526928779	233.20697416629093	PS150426
375	-666.0902716599305	0.6645318849640907	413.1163340365955	PS150426
376	-565.8588604943816	0.5588431561903613	162.81034370897896	PS150426
377	565.8588604943816	0.626216123437864	158.7633449553232	PS150426
378	666.0902716599305	0.6726527936458415	272.01920805772374	PS150426
379	-794.8699579176458	-0.0136354255594708	154.1616156337102	PS150426
380	-694.6605286037202	0.5458805338344292	322.88219058780555	PS150426
381	-598.9718273842268	0.6435113938582602	208.5868341106426	PS150426
382	598.6069244504276	0.6533136761564858	162.80154677738744	PS150426
383	700.1772989750525	0.6751966270370646	228.56576379136197	PS150426
384	794.8699579176458	0.0671929825942821	220.1550467017306	PS150426
385	-680.0303302059401	0.1036376389988386	219.44901460571396	PS150426
386	-579.880375594829	0.5939023646093277	381.71229294318505	PS150426
387	-470.18214555637906	0.5019295427074114	159.67324919408702	PS150426
388	579.880375594829	0.4080023214771534	261.73473844276157	PS150426
389	680.0303302059401	0.1976215424748579	274.9457917870411	PS150426
390	-880.3017948408375	-0.0015086617774335	208.702760455708	PS150426
391	-658.0586979897766	-0.0333646858813752	181.26449358089053	PS150426
392	-557.5941624515092	-0.0495776351541599	167.1700210629332	PS150426
393	-442.4378487426228	0.7765531178584959	407.424660939706	PS150426
394	-327.81130242869904	0.4671911573089732	154.23410103193137	PS150426
395	765.2118987574618	0.5862357393415061	173.83465913558587	PS150426
396	880.3017948408375	0.6773272248795059	270.68907446798573	PS150426
397	-890.7134780612674	-0.0006300041642919	236.67619980116228	PS150426
398	-661.1085387438284	0.0810492274676329	227.19643005530804	PS150426
399	-551.424065488622	0.778639483795997	424.4464223108788	PS150426
400	-436.3078041933241	0.504452157956583	168.14398858663105	PS150426
401	666.5541988465754	0.5499094762672037	152.8345786943263	PS150426
402	775.61104943135	0.739400297080907	296.7431652784113	PS150426
403	890.7134780612674	0.2668662905005761	270.2912130260456	PS150426
404	-920.6628047227714	-0.0274397366555585	152.68982779258317	PS150426
405	-807.0024783109405	0.0580616635702568	191.0269791828473	PS150426
406	-692.9429990987715	0.1309813880761849	302.46015044829005	PS150426
407	-583.7850631867863	0.8353473002027663	417.4890358296536	PS150426
408	757.7704137797939	0.7128737128266851	249.6864524110537	PS150426
409	835.2586425772558	0.3001615866702242	278.1347407155588	PS150426
410	920.6628047227714	-0.0407470134869076	156.8470715090358	PS150426
411	-908.327033617298	0.0310711681136316	276.3303389648819	PS150426
412	-814.2389084292153	0.7998405658179568	439.5085724920733	PS150426
413	448.1450657990111	0.6846362396729261	221.2106906463464	PS150426
414	550.0445436507847	0.1931320489439805	208.6186738429516	PS150426
415	672.0751446081011	0.1329001472261278	230.57284970036935	PS150426
416	780.4261656300357	0.0988782895028963	257.8150454510537	PS150426
417	908.327033617298	0.0076973742582104	209.52972013090255	PS150426
418	-929.736790710145	0.0277409363026062	225.82057325882727	PS150426
419	-828.4820456714798	0.1082346390103915	271.4781084839334	PS150426
420	-719.5793910334008	0.1176995271583386	263.11681618332125	PS150426
421	-632.201312874309	0.7002186678046416	380.234776211146	PS150426
422	-537.5113952280453	0.4943336381322127	165.28301769646964	PS150426
423	537.5113952280453	0.5903421747395159	193.42795802861076	PS150426
424	633.1307132022581	0.6738020480605527	292.8877699465223	PS150426
425	733.4333643897038	0.3165467945947126	286.9449257000972	PS150426
426	843.3448286436575	0.0065189934378993	162.21388910371832	PS150426
427	929.736790710145	0.0716900069840326	277.2165527760967	PS150426
428	-809.4161476027026	0.0578636414623259	209.40402868924969	PS150426
429	-727.9096784629257	-0.0433659124133005	266.90459586522604	PS150426
430	-640.8529472507714	0.0099270703393643	351.909838052964	PS150426
431	-546.7289090582278	0.5599054284427116	375.44564454483975	PS150426
432	-458.2908465156161	0.7974056061972861	451.42540450171725	PS150426
433	-364.2670723521411	0.4655871492137493	153.40309239705437	PS150426
434	357.7016913574774	0.4414476179860064	179.66274520371223	PS150426
435	445.2106243116846	0.5424617673191541	210.23442102859212	PS150426
436	539.3630502731903	0.68419473128931	325.5008622362395	PS150426
437	627.2977761797024	0.5160840524686362	345.60067347187294	PS150426
438	721.5140331275616	0.0962957460271296	255.99375905747	PS150426
439	809.4161476027026	0.0280871094593891	222.5507338773765	PS150426
440	-746.345764374663	-0.0555338745247964	292.36219707129874	PS150426
441	-679.3909036776987	0.1320622022272271	334.1812794455424	PS150426
442	-597.3181731707148	0.1246265072621212	328.61980714815763	PS150426
443	-516.5597738887534	0.5223029338632583	390.5000078231394	PS150426
444	-434.8907908889311	0.7472392416062437	447.1996636693016	PS150426
445	-367.9266231193389	0.7282606376647291	449.3066127334866	PS150426
446	-287.1671986839723	0.7240196575187942	438.7432693153738	PS150426
447	-205.50669088864237	0.6299164731369777	369.63436915521015	PS150426
448	-124.3905141077888	0.6026058112523189	344.0399521696936	PS150426
449	-43.9089968002003	0.5593890621126434	312.49360474900993	PS150426
450	24.35159132377184	0.5623431761398254	331.78527628288987	PS150426
451	105.1094667477673	0.6138836355933903	375.3096234814931	PS150426
452	186.81541692269408	0.774796431831173	405.4369751019075	PS150426
453	267.5911059807482	0.7056210176336069	396.9441301240573	PS150426
454	348.36762191684807	0.5972492593107639	344.28788777083207	PS150426
455	416.5405142360104	0.3545010515016671	300.5136551800973	PS150426
456	497.31378424491714	0.1380244394174041	292.88929056889424	PS150426
457	578.0882285603124	0.0555647849054908	224.09471114920564	PS150426
458	659.7893603264606	-0.0222327498738494	192.61483363160744	PS150426
459	746.345764374663	-0.0240656690715292	173.43244384000502	PS150426
460	628.6628667258788	0.3492133150302016	286.3546818807837	PS150315
461	505.4463374088292	0.8076609549936344	445.7711025428064	PS150315
462	392.92238419311263	0.6758958078535866	252.23023467089968	PS150315
463	282.8002828852899	0.5073334311824743	179.64761269894234	PS150315
464	-628.6628667258788	0.7966143256175047	253.28019669546336	PS150315
465	814.5360642721721	0.7684853461242249	489.56577229222034	PS150315
466	691.3089034577813	0.5213636912025161	223.45062144242945	PS150315
467	-434.93562742088625	0.5683593381156162	159.5615010638843	PS150315
468	-558.4236742832453	0.7446410371762081	251.213275330878	PS150315
469	-691.3089034577813	-0.0471294495837781	288.7371993108608	PS150315
470	-814.5360642721721	-0.0612724153868162	206.25601178592456	PS150315
471	1126.1532977352597	-0.0514620590766565	290.09892651326913	PS150315
472	1002.9383081725416	-0.0542329551125881	234.96185696855616	PS150315
473	880.4125453445106	0.7047203684663665	583.6290607206824	PS150315
474	767.7774742723311	0.3897447777350087	185.70192740600908	PS150315
475	-419.9872021859714	0.613074780541969	202.4185744800135	PS150315
476	-542.5147463433598	0.6656376548933052	313.85371405810974	PS150315
477	-655.144449720823	0.0543593879917239	395.625938787571	PS150315
478	-778.3638288101522	0.0002660915103558	324.17760981129527	PS150315
479	-890.3040211073968	-0.0590473041004493	227.62313293402724	PS150315
480	-1013.5212133941748	0.0022337516042588	339.2010989094683	PS150315
481	-1126.1532977352597	-0.0756732556447719	212.94680672640084	PS150315
482	934.195108101086	0.3847840896573438	208.57407587927923	PS150315
483	-177.75404355457007	0.5036341659679606	183.84676299728164	PS150315
484	-313.7172293642796	0.6807293999777349	454.3008882562037	PS150315
485	-436.7270314509968	0.2448623115857932	279.60945715945354	PS150315
486	-551.8265125924995	-0.1017101053334881	177.40176430611268	PS150315
487	-934.195108101086	-0.0928321338615527	165.6060866052958	PS150315
488	998.533424578266	-0.0695988484072196	322.02545654765004	PS150315
489	888.6506625215558	0.7049693619400677	591.3231956418078	PS150315
490	776.1262783851607	0.3083276423490686	192.93824104393937	PS150315
491	-222.64770378335368	0.3552243788607022	153.07011384050566	PS150315
492	-335.2193311848229	0.7020407072723138	518.3028186569834	PS150315
493	-445.0539293164369	0.531367070607993	361.2532779889125	PS150315
494	-556.8850868895664	0.0746728973823528	336.2450402034207	PS150315
495	-666.7308302456097	-0.0381984557265566	283.0369191684215	PS150315
496	-779.5261381121226	-0.0728821945336204	197.65557347011713	PS150315
497	-889.3784346384839	-0.0706294008285468	213.4341424132859	PS150315
498	-998.533424578266	-0.1128499713589448	168.60268243127223	PS150315
499	1026.7757788339186	0.0147470375028043	399.4637473412096	PS150315
500	907.22902290436	-0.0607401094978796	234.0875595972692	PS150315
501	794.6700573193883	-0.0517525011995168	207.97010672871895	PS150315
502	684.589292934092	0.768454844616663	523.3930748261237	PS150315
503	562.3348646491697	0.497650914097521	202.7737508546163	PS150315
504	-347.79376072609466	0.4008352176917126	201.66938739568195	PS150315
505	-460.23092029979904	0.7535688189067697	523.8267884828474	PS150315
506	-572.9925828490278	0.2454170959852841	306.38041263408047	PS150315
507	-1026.7757788339186	-0.1275180840112659	151.2776412713706	PS150315
508	645.8562146484309	-0.0847729637903684	157.89188471522107	PS150315
509	535.8798839292253	0.423757120527727	475.82973305997007	PS150315
510	447.14790617870506	0.8730254134414259	546.702609323298	PS150315
511	347.9026444280066	0.4071995526864005	167.8617370122762	PS150315
512	-447.14790617870506	0.4835855395642456	193.15162462536375	PS150315
513	-546.3938597751626	0.8974736115925883	468.03472670843985	PS150315
514	-645.8562146484309	0.3676438668169587	289.1938751218687	PS150315
515	670.5193882357169	-0.1250226367648641	163.23682560702628	PS150315
516	571.0650138119126	0.0593188283734529	172.45904900922255	PS150315
517	471.8540558265871	0.8285989242097075	425.58820993960467	PS150315
518	-360.11282954096487	0.4805018197568981	180.627387581981	PS150315
519	-462.1539245749191	0.8582485292564925	394.5972835085232	PS150315
520	-571.0650138119126	0.4774876632053177	280.72698946675575	PS150315
521	-670.5193882357169	-0.086419175284836	223.63516365454132	PS150315
522	1030.641790342309	0.8829568827770513	565.4920936793071	PS150315
523	59.75366097570926	0.3620837693426596	154.88877746280355	PS150315
524	-59.75366097570926	0.4643761320799651	185.1002099795752	PS150315
525	-177.58519082400989	0.5410415601785904	213.9381598262546	PS150315
526	-296.5510074169366	0.8623019845447291	628.2530741269675	PS150315
527	-414.8282777246508	0.6101289255488455	455.6365758921356	PS150315
528	-544.7499426342329	-0.0300173620678367	285.1477995846931	PS150315
529	-663.0297881694306	-0.0777985355865438	212.8099277925744	PS150315
530	-781.9491671457935	-0.1330386846395774	155.96639322650515	PS150315
531	-900.2813449139107	-0.0819997258319775	274.78113637481	PS150315
532	-1030.641790342309	-0.0920080353902428	245.24860112799968	PS150315
533	1013.0	0.0200140990188657	404.3117812825217	PS150315
534	916.0	0.7575269835559745	569.1692404540734	PS150315
535	808.0	0.608895071353911	219.57130661726933	PS150315
536	700.0	0.4102725367228392	157.906804273636	PS150315
537	-162.0	0.4475699553509464	178.81921586888666	PS150315
538	-270.0	0.8118341768426252	718.926237992437	PS150315
539	-378.0	0.6661421414903995	620.1123861386793	PS150315
540	-485.0	0.0501102061643186	402.90592938306656	PS150315
541	-593.0	0.0474149635966159	420.42746712029566	PS150315
542	-701.0	0.031695984616286	320.0566934288728	PS150315
543	-809.0	-0.0328515944654133	285.12155489013173	PS150315
544	-916.0	0.0403670871595142	370.1803004729105	PS150315
545	-1013.0	-0.0240151022625607	311.75288234718573	PS150315
