	ALL_ym	ALL_err	ALL_dist	ALL_Area	ALL_E_bis	ALL_cp_x	chrm
0	195.4123517673436	0.9687696965858854	305.5396864566042	322041.84230795875	313.9354629327056	183.50748542133624	PS220340
1	33.508254553300205	-0.2041438090031404	107.52906583803284	1260862.1701515245	99.93974476234764	500.7221066061405	PS220340
2	22.19614773288392	0.7389802368855036	-99.16904759046544	2123653.2380377203	83.60124906345628	662.4808813111841	PS220340
3	70.79980532149186	0.9353225193428364	-305.5396864566042	1555267.7621418743	112.8558094868092	518.7253997996655	PS220340
4	1091.742917485698	0.9890369247202268	427.7014145405647	1182798.1638555285	970.031337339168	196.64140338447865	PS220340
5	691.4131764753294	0.9852705784143688	214.1319686548461	943398.4897315124	1088.8917875070183	171.51779937048093	PS220340
6	552.3907889158348	0.9014769049901116	9.192388155425116	953729.0743358048	961.1134397603809	181.08611977513044	PS220340
7	545.8789899959515	0.9330254836958128	-214.1319686548461	928995.1680572962	1122.581350521932	168.4004575011079	PS220340
8	817.8417180604285	0.9648350568320688	-427.7014145405647	2058342.1089150105	519.9079281371896	314.96439479163155	PS220340
9	963.4033813012928	0.9883983851073704	554.6090965716304	1088171.1657754283	877.3223010042972	197.98862161333457	PS220340
10	471.778688930135	0.9760026316245888	334.5239154380446	1087607.388904449	808.8263954849082	204.4898459023749	PS220340
11	304.395032642401	0.926948393994612	111.31149985513626	841403.1882548629	809.2233271649291	184.50125222737847	PS220340
12	1528.799615278207	0.9465482041053748	-111.31149985513626	1122105.3032045297	1247.6900680966878	174.09879809356812	PS220340
13	1016.3862236685258	0.9701708550709046	-324.12227630942	1567964.3532253238	781.1206591982678	240.03371043484185	PS220340
14	4.506187859152244	-2.7326125351596993	-554.6090965716304	188914.8582019277	36.66008182308376	349.98875338318703	PS220340
15	70.0468636145611	-0.8734467168219022	479.00026096026295	735471.1299838893	200.4503603834396	305.5262499308267	PS220340
16	481.3391067768022	0.9662091214274444	239.6001878129481	2566328.8972840635	345.31280092381587	405.1957379594771	PS220340
17	319.5246823457948	0.966643066193722	-0.5	1251644.8428072098	474.4494857994492	267.7573910751254	PS220340
18	218.70248974378904	0.946466617352213	-239.6001878129481	1054537.557787994	483.0223281608491	248.23496409464508	PS220340
19	1028.5390094690056	0.9412844591033944	-479.00026096026295	1884651.6700019925	679.625939281334	273.15520040665933	PS220340
20	314.4793719179951	0.8784008986694536	482.5259060402871	472439.8880673533	281.9061879279139	223.3170045379563	PS220340
21	494.83783750689383	0.9503857748264712	242.55154091450336	2367900.5030116593	304.99422506301687	412.3383679095763	PS220340
22	482.3246035529283	0.972659578356308	-5.5	1347866.659090684	734.8651676251867	231.52650795606743	PS220340
23	192.33140922825683	0.9455702136905256	-243.33978301954656	1225059.5026126048	498.4477163853901	260.2795476550758	PS220340
24	1109.747279509411	0.9475384584309277	-482.5259060402871	1576945.1285480703	803.9316131260746	237.82855883713432	PS220340
25	276.3916429650433	0.7713240815915262	776.7422352363749	505253.4022543701	407.2423059163214	198.0101978360373	PS220340
26	554.3570663362864	0.9885134101018525	521.3333866155131	2744887.8328813533	401.82315339871127	391.76070451276	PS220340
27	791.1811446892863	0.9401690951535854	264.5231558862097	1215363.5889685254	769.041287303787	218.1361481796855	PS220340
28	885.412979597778	0.8996895890357676	-8.514693182963201	1236260.5695847254	868.6569246039958	209.18459897699552	PS220340
29	570.4551070960913	0.9852457780356988	-264.5231558862097	3127293.0711060134	326.10026526124426	448.695781448372	PS220340
30	11.13133185543152	0.1803204324194476	-776.7422352363749	143950.22216058	128.58793567381102	190.03336569882345	PS220340
31	224.5690924043806	0.9043529345099468	524.6153352695668	570782.5659531576	223.37434804035848	264.3625758403084	PS220340
32	542.2775968477414	0.9911846043992636	260.5019193787255	1907486.138222695	519.0630047042871	305.7183731460709	PS220340
33	1644.148059309015	0.990063115904467	6.020797289396148	1031424.5725035308	1446.2926915203536	158.67098838904042	PS220340
34	1467.295505206957	0.963868720201402	-268.61915419418625	1158050.8877281686	1361.191780320542	170.274002411394	PS220340
35	320.1327248252768	0.980411523255	-524.6153352695668	2448890.036246606	203.4775442746358	491.36716602874947	PS220340
36	545.248250617208	0.9470212483901584	348.84452124119707	1668933.402248507	376.222203989312	329.62705290287636	PS220340
37	903.9589121407662	0.9887392348727334	118.39130035606502	1542291.2282746923	851.5794618564928	230.35704464022425	PS220340
38	1467.8693603894742	0.8853773470174101	-119.04830952180716	1397227.8677513974	995.0854642265422	208.05959888795007	PS220340
39	434.87456199084426	0.7719094221597038	-348.84452124119707	1813479.940036373	219.2463197173045	422.9189952525729	PS220340
40	576.4719725640532	0.960876368818644	316.10836749444013	946091.103584207	433.7428914192121	248.1448404495053	PS220340
41	972.58963833837	0.8775274856871238	103.1140145664012	1640587.1100386244	657.650671665201	261.8343524245131	PS220340
42	1032.50068238463	0.9847339356987777	-103.3465045369218	1706113.1521768814	739.1944427480703	253.81931590275724	PS220340
43	530.7780736368239	0.7336178934116737	-316.10836749444013	1539145.7008207156	298.3210358011058	350.15743823998343	PS220340
44	258.5142441688171	0.9857429274600056	636.6886994442417	1286561.8595229392	330.37056094578844	312.89364812826875	PS220307
45	584.2812490281441	0.982183665414804	310.50040257622857	2435215.137345296	471.0781953721344	350.431184794611	PS220307
46	316.5598058221094	0.9356007938903326	0.7071067811865476	1400134.8921659878	519.6439001312093	270.0291393138292	PS220307
47	114.29373131905524	0.8975255185263797	-325.50038402435104	2158441.358993925	262.99659445422964	421.60045014517914	PS220307
48	192.3548711436312	0.963813065219051	-636.6886994442417	999907.0461303012	130.40990094729037	410.28405547564785	PS220307
49	12.32231163748335	-0.8099392214738017	1475.0025423706902	141166.03109813845	221.4836279032592	151.69820592228814	PS220307
50	268.6915194778661	0.91124817206167	496.5566432945994	2473251.0474245157	376.66846537234846	385.6102680399897	PS220307
51	562.7982569111414	0.9795211849527764	170.6648762926924	2046154.439895399	499.1404091628975	319.38262501154384	PS220307
52	550.6903430389093	0.8563205625513959	-155.6807631019324	1640806.259708017	460.0514007372454	302.082379053251	PS220307
53	801.5806790050669	0.8878476404703745	-481.5584076724234	1543756.9389580097	660.6395020632152	255.07668720972688	PS220307
54	478.92748541576	0.7896807135851863	-807.8418780924891	3554047.905123697	258.84540711686236	517.9622870052885	PS220307
55	6.555638802559365	0.642348728272949	-1133.743577710586	172038.05835672733	17.037583898890198	458.0486675822776	PS220307
56	7.885083650056515	-1.1350954885198363	-1475.0025423706902	119410.50534936375	86.80418001819221	206.36012065352156	PS220307
57	12.872514607431466	0.7735845595330308	1195.2213184176394	161898.7294702565	62.82513607826326	265.25832031409857	PS220307
58	163.68415515795596	0.9661588890568712	512.0624961857683	1687554.4735400786	310.1506882642704	357.68360556353184	PS220307
59	490.30998073932176	0.9935584419699977	171.18703221914913	2651723.962681737	327.61466109226075	419.2673157333342	PS220307
60	753.2004600195396	0.9373977829099982	-171.18703221914913	1607888.4332926073	594.2559990634501	270.4817382308023	PS220307
61	684.9680909953471	0.9373146438363869	-512.0624961857683	2078034.378492258	424.9429187092306	342.7313777876773	PS220307
62	225.85108269761403	0.983782439581908	-854.3096628272444	3359464.590022278	140.03650010913577	647.4951833590798	PS220307
63	15.346948948610123	0.4379146155980896	-1195.2213184176394	257740.6110565712	20.498978701969698	500.0405981637426	PS220307
64	7.622040758514301	-0.6864154456681919	1351.3002997113558	162080.06865312954	43.52458078382792	307.34278352408796	PS220307
65	7.267123632652928	-0.6535179140647018	1008.9918235545816	151006.6934831581	70.22106899363337	246.73827196229288	PS220307
66	201.2636314010305	0.9463535136654888	683.6757272274627	1016474.7243476576	216.9645282184262	336.90554057421934	PS220307
67	383.4199573883593	0.9565127741050368	341.50036603201465	2711553.464166843	291.74534938477893	443.1091378698226	PS220307
68	595.5903995378875	0.9757060531862476	0.7071067811865476	1395899.5542999725	530.9385103072382	267.39235784459754	PS220307
69	577.000900531404	0.8904071552749591	-325.8688386452439	1701795.6923786004	402.2238039477645	323.4453222310433	PS220307
70	239.00894581273545	0.9804407618251152	-668.1964531483237	3422813.537017821	170.0127792482014	603.6506655146101	PS220307
71	13.331369199453242	0.9031344736156268	-1009.5714437324384	294766.1601537221	14.849469146456505	600.2493417297117	PS220307
72	6.108277884119047	0.2122202834922649	-1351.3002997113558	166561.18163476832	19.751865376765615	426.19787959608743	PS220307
73	7.7364602175570285	0.3010155916267311	1490.3224483312329	193864.0036139532	14.455550988575224	513.1094641672167	PS220307
74	12.214409069977872	0.1757837813625129	1164.412727515463	176402.0348994481	56.260616173061415	286.90932037841276	PS220307
75	4.169655472273322	-1.0956534747538216	497.22630662506185	477429.8995138349	69.39243163118547	392.883705456208	PS220307
76	342.09264033929065	0.965143818230435	171.6566340110396	2148738.5169846653	303.16998315547585	397.5794804570745	PS220307
77	546.5118815681114	0.9614109150848148	-155.0	1720813.676545967	514.5712733244034	294.4017171845793	PS220307
78	666.5342485449682	0.9230066813230406	-481.0	1349837.7104874123	542.5102882473878	261.5618771403516	PS220307
79	143.21302152867185	0.9618026751920076	-823.1555138611416	3207398.1192510426	126.38136273052176	662.2362483002505	PS220307
80	7.379552371845399	0.9432359529743404	-1149.1113958185256	284161.6208851242	16.477656130141284	567.4048041197223	PS220307
81	10.544204967991972	0.7686885528370128	-1490.3224483312329	178609.08761975818	28.15183202528488	380.3503059858758	PS220307
82	11.63721134357455	0.4332514676479218	1552.696444898358	139464.6841266119	51.88850844942211	269.76291037394196	PS220307
83	304.0422714851945	0.9962993190884716	171.70104833692776	1914122.5677880016	335.22726120667113	364.65080789733054	PS220307
84	296.9766779579336	0.9211120743664964	-186.00067204179663	1579198.3301543095	443.88376274623937	301.7810609953772	PS220307
85	670.2728400503071	0.9263708805428216	-527.2278919025434	2167889.6230898583	425.6086438852752	348.3659543006935	PS220307
86	10.957110829994104	0.6193944633338648	-869.1382226090393	345645.0282927583	27.610939439109536	499.1656210317648	PS220307
87	11.896670197632549	0.3361317360100699	-1210.4099512148766	192342.9357331455	37.40413207306776	349.6935948311676	PS220307
88	14.550302394504236	-1.9912660117532648	-1552.696444898358	126209.5283650967	79.9838140317825	218.0022760384331	PS220307
89	9.714404144631304	-0.0592998609184391	1071.7098487930398	170726.19148026424	64.91073364143321	267.4351379318308	PS220307
90	306.74064226073	0.9796833377324656	357.08962460424414	2194096.301690049	300.91283408073656	402.1156760481691	PS220307
91	711.9976076390496	0.9233896622861222	-8.0	1276049.1878794525	639.5834158469748	239.4490413824235	PS220307
92	893.9466156356435	0.9334847695890904	-357.08962460424414	1154976.8529432244	711.772423807131	220.45393904514185	PS220307
93	430.1908816921249	0.9063773310761596	-714.370352128362	2275174.637634445	315.31551909396745	400.4356830983353	PS220307
94	15.135124369928352	0.302733891993191	-1071.7098487930398	126006.30497831786	51.99715062130453	258.8153955118331	PS220307
95	14.081110462238716	0.1231831426643333	739.2957797796495	122393.68340883034	47.41931534758805	265.42785931332753	PS090508
96	174.2501249770015	0.9401263783865608	239.40603584705212	672097.5425086203	257.7970569149354	266.4935825090505	PS090508
97	124.6935556964333	0.9524541258913252	-6.5	1076718.6010569308	160.79346224206714	388.6498870876444	PS090508
98	117.45415405520544	0.9548344165427344	-249.8744684836768	1602818.5493479855	151.41456966937082	466.77941081415327	PS090508
99	104.3350194923679	0.5005352003549115	-494.69510812216447	1065670.7698091688	141.68436992824715	407.14158066424386	PS090508
100	186.1370996056641	0.944084308741788	-739.2957797796495	512339.0700486671	367.1871662464186	207.53579214498663	PS090508
101	171.35504122407804	0.9189214358568416	593.1713496115603	378242.7104153033	226.00542741281313	223.19563324169133	PS090508
102	136.26697710961173	0.8705307727273914	349.1550515172307	1654844.130715574	154.87240414540508	468.53089727037855	PS090508
103	120.36237450846956	0.9260128459087178	112.48222081733628	1838092.5078059167	153.90544741839588	489.8581786527823	PS090508
104	118.38511844801772	0.9717344382290994	-122.70798670013292	1899104.6759374416	169.7057302863016	477.2720177686118	PS090508
105	137.16736543215256	0.9050176396072188	-359.20502502053057	1701643.9787455811	156.6803079890653	471.5923245538139	PS090508
106	79.64005045024349	0.9519488363643224	-593.1713496115603	702240.5100963317	128.21946348337576	358.6227063569139	PS090508
107	98.76825348989144	0.9460590819539896	625.9810300640108	203569.40081965955	173.734854641799	193.5330903119268	PS090508
108	135.77934489796587	0.9517362699725646	369.9908782659378	1499131.1714845565	180.3078900945537	423.7941675256351	PS090508
109	147.1558856885912	0.8796870400955386	122.70798670013292	1890404.874501901	175.7973529753236	469.7232022812263	PS090508
110	86.69617910658103	0.8849920583831359	-122.70798670013292	1862953.3935558377	128.85151326127936	528.7738883127371	PS090508
111	111.03035446318218	0.9400823945212916	-377.8720021382902	1873502.3171823935	159.14927375317632	487.04023864481377	PS090508
112	91.0841358522119	0.9557412444583028	-625.9810300640108	1370123.5161039007	144.29069055758603	446.923897613475	PS090508
113	88.79772713496043	0.9509596985768334	715.0891552806545	254297.3396080716	143.55555550392145	228.3251434879207	PS090508
114	71.21753352342627	0.8867896678173067	472.9614149166928	1393941.6587878475	174.10090747594782	417.4480524299555	PS090508
115	121.34434915340668	0.990506290472746	238.20684289079523	1750615.038647869	169.68128388079592	462.0060891727951	PS090508
116	77.72411509796555	0.98658661215955	-6.519202405202649	1877929.9780151024	137.22723528577208	517.2739962060386	PS090508
117	104.1597478762504	0.949003275025284	-238.6765593852903	1914293.5770651605	159.8101292355076	490.4409330229301	PS090508
118	49.66014528297429	0.9225027381717564	-480.4086801880249	1425609.4971981582	98.50484158393446	528.9836091414218	PS090508
119	49.64458284936196	0.7656435999672381	-715.0891552806545	328501.80955271627	177.72246496692483	232.24329761496904	PS090508
120	162.90810866309351	0.7846529873827921	696.0957189927259	403645.5887567676	271.9070150747395	212.7438104004258	PS090508
121	95.45424734416912	0.9538721593312928	466.9381650711366	1354661.4498088036	204.82846217803103	386.7240677926261	PS090508
122	106.5105554522606	0.9708222331640012	224.83605137966643	1691628.4842200116	174.08008330810705	451.07356437580665	PS090508
123	112.93887731242626	0.9630877745381254	-0.5	1855017.997414997	153.72150968447036	491.8927355542003	PS090508
124	127.27682737380064	0.9529767468005572	-229.72646778288305	1841196.4298348755	167.7702062038507	473.5644888226044	PS090508
125	79.07403956417778	0.9109209327813564	-466.9381650711366	1293883.885549266	109.79318230117023	487.2512776432913	PS090508
126	69.15206408131705	0.9608007763585552	-696.0957189927259	275209.24224734935	202.8931932378841	205.20277477779803	PS090508
127	176.73567759530528	0.963712101826735	570.7057034934905	260596.1563288025	271.478237024387	178.69738959955123	PS090508
128	54.005124473390346	0.8774936721209222	345.41134897394437	1048764.499135424	169.1609070284486	376.8566674419078	PS090508
129	109.9135789719623	0.9899959794725276	121.07848694132248	1421213.3924358503	204.0907559762804	394.7838671942163	PS090508
130	91.30756608934016	0.9890904950943986	-116.48175822848827	1673560.6970645718	172.0202528508111	451.2838260351488	PS090508
131	86.84472140114326	0.9951423385034152	-346.3437598687177	1670501.9748281762	136.78050942230033	494.2584749240888	PS090508
132	99.945524544797	0.8733543557694288	-570.7057034934905	937838.4988317416	139.5792169627248	389.17768813592136	PS090508
133	128.02982462744637	0.8445596857594893	657.7585043159837	184268.14628506295	292.4965848789129	150.9929955107143	PS090508
134	77.22579634162344	0.97575310908221	440.2059177248757	795571.2671331565	204.45640925315487	312.79251957727854	PS090508
135	157.63911888603508	0.9896722061033608	223.62971627223428	1438190.4235801212	248.29080132157463	366.7476326678435	PS090508
136	148.37133494215848	0.9624528428821716	6.5	1648758.0820254316	209.33777753502676	414.71404669083427	PS090508
137	96.76412245686848	0.9876110414351472	-223.8643562517267	1758025.9883134542	153.37117926269687	481.87858651789975	PS090508
138	48.67045386898355	0.9629010427535484	-440.2059177248757	548410.1500088559	74.97835409588463	402.61768443552376	PS090508
139	9.631804251409362	-2.09511610208702	-657.7585043159837	155931.31953403522	97.55295257240157	219.1301764388146	PS090508
140	143.85961013304365	0.9673131088945992	451.8664072488682	479920.2704694804	219.39218820146763	248.43008487795748	PS090508
141	144.22229935403348	0.9531634100451534	221.92622648078347	1207645.3771059471	246.00143843128907	343.26199707440605	PS090508
142	140.28000726369413	0.9587697965498352	-9.5524865872714	1576112.8543505785	233.54525511458195	389.86255019233806	PS090508
143	148.41790291561247	0.9866478476674004	-221.92622648078347	1784749.5860960665	209.879795833081	427.6295192719218	PS090508
144	49.527637829867814	0.8971495172322985	-451.8664072488682	627158.0923590353	95.5527304533138	385.548116371367	PS090508
145	19.853606800469542	0.5480081970288575	645.1792386616296	224548.2131183025	163.16539584607372	206.3942680642258	PS090508
146	153.26691797247875	0.9814751394249536	426.96164933164664	988389.5040209026	300.4292053834552	292.4821755745354	PS090508
147	132.76194732149557	0.9946406768315988	214.7539289512534	1336191.9571390497	269.7079050835725	344.5205129952668	PS090508
148	106.99744684995184	0.9749477811092654	-6.5	1683756.1092119694	179.07214023574886	445.16957843304385	PS090508
149	141.1806444166333	0.9540674201327788	-215.6716253937917	1863659.7856696723	169.22235696001636	474.22950616400624	PS090508
150	143.57073819891482	0.947438049185966	-433.0487847806526	1687600.8283214916	153.87316677583908	473.44305410990023	PS090508
151	58.02594197751912	0.7980948002536052	-645.1792386616296	441238.1581431094	270.7099981964383	220.8475170955047	PS090508
152	100.71984204955568	0.9523869702025116	548.3197060110097	1029266.4544481238	277.3632980217595	306.91389056672233	PS090508
153	107.37858251671862	0.9818427039961054	336.4855123181383	1617338.3703831702	216.32926729015	406.1619715147208	PS090508
154	109.43074816606452	0.988172102614456	106.36023693091325	1815778.000720928	183.54012062072212	454.3156622321144	PS090508
155	152.14466378683164	0.8940516248822188	-105.49170583510346	1962926.5701463849	160.26268432482442	494.8273211841557	PS090508
156	115.09522939683542	0.9451127057253932	-324.8422694170203	1696070.1376267988	141.12536033538342	491.08934526524143	PS090508
157	101.73811845452836	0.7738826296793047	-548.3197060110097	326445.051631581	286.78937066829735	191.3039025986025	PS090508
158	106.5411959945317	0.7988458330449398	685.5116702143006	277606.4990633194	361.01857644204347	163.5253344738851	PS090508
159	167.34709811405756	0.9882537125415976	459.18433117866726	1002026.0980596816	303.7664963781434	292.792992589223	PS090508
160	164.7690633741408	0.9671551898768048	224.13221544436664	1420805.360833652	257.92054669999794	359.45495343308517	PS090508
161	136.1064857869992	0.9471768990863388	-9.5524865872714	1706203.6041672924	210.86285045448585	419.215495343267	PS090508
162	102.91188498259996	0.987000864438279	-225.53547392816057	1949242.9239384215	140.3153925439983	520.3903979055806	PS090508
163	71.7896016628299	0.97370154969916	-451.3028362419186	1796341.4123410874	119.2457834132008	537.5308007639958	PS090508
164	99.35539215149008	0.9773893282166664	-685.5116702143006	577874.8238676591	189.50909459430935	283.73081211304725	PS090508
165	214.70641635440847	0.9947069950926972	603.0184491373377	1157896.3234376365	367.72058837542033	287.3992997429631	PS090508
166	163.63321180356314	0.9683482747431866	368.8105882427998	1430419.9580075466	243.8727890761822	368.5913172606424	PS090508
167	145.7863213350735	0.9672328595756556	126.3457557656766	1903142.2587194163	197.5783117312297	449.48769506855615	PS090508
168	30.69361127607426	0.3157527915806232	-126.9694845228569	1897135.0297100616	99.69201880826888	590.2012910135286	PS090508
169	80.9541583360613	0.9535604220929756	-360.61232646708015	1099873.0934945536	132.30084376622125	423.7766268300451	PS090508
170	17.04689174319896	0.6516399743485948	-603.0184491373377	357835.9343805934	200.9165082411478	228.81913830028623	PS090508
171	125.32618316710098	0.7994460071520277	635.423087399254	669921.402677893	342.3451223707002	237.6013465126673	PS090508
172	208.74068897620975	0.9972038485889232	419.5002979736725	1235513.7120073764	332.4558847463088	307.09336421754267	PS090508
173	160.5059494215382	0.9445654604566268	206.74743045561655	1502153.6360631103	227.35818759707163	386.568548036762	PS090508
174	93.65318797411872	0.9256282193590948	-73.9493069609175	1309317.8671058076	205.1783490503348	381.2329586277366	PS090508
175	115.41464233460864	0.984723606860468	-258.5352973966998	865631.0379277043	206.1037974616975	322.49556363802844	PS090508
176	159.82319410611933	0.9904124063920934	-472.9296987925373	433380.0346399654	410.5953344884839	185.61239306872776	PS090508
177	6.6759223390086095	0.2294849702688552	-688.854483907886	267291.5810625556	58.46500310833597	333.62665048766394	PS090508
178	20.635966414482784	0.4574444914560662	-635.423087399254	174880.14858653254	226.24975396272896	163.86491361949163	PS090508
179	226.46608736646832	0.879599701516737	475.3222591042839	565935.1004017168	236.09035651696675	257.69166240305526	PS091226
180	74.90816552017364	0.9648781849221124	240.23165902936273	1235880.2671656655	146.1719525692973	426.64823573102456	PS091226
181	108.8261996767456	0.9735616249752552	-0.5	1289848.772488305	187.04052488758663	393.2477505285487	PS091226
182	101.01954110761258	0.9938094833603652	-234.77702187394743	1279649.9499859433	183.2209424676767	395.24960327450106	PS091226
183	91.09564690904752	0.97542897819897	-475.3222591042839	791972.759513139	172.44924994077343	334.22935270608275	PS091226
184	122.12782970642112	0.9408588698762428	855.4028290811294	656008.7240533187	125.68734342015516	351.7808884425708	PS091226
185	98.79171620897236	0.9662490836952048	614.8333107436519	1673793.8112020197	135.72392524084873	496.1845448659787	PS091226
186	103.7357404671148	0.9311976364829234	367.6044069376753	1847689.621581076	145.42551942531244	502.1348597389805	PS091226
187	61.83778064034776	0.9955625750873642	127.0157470552372	1712263.066611853	115.29174876907726	534.4830279723454	PS091226
188	97.7879222424623	0.9839499121470494	-120.43255373859678	1674956.2274603415	131.43531714321463	502.7378320093327	PS091226
189	51.52315602412097	0.9792493585335948	-361.0678606577993	836453.6668111938	90.89185529768594	441.3587922799775	PS091226
190	23.991402298455775	0.7986026715261084	-608.2047352660122	171884.8467505648	64.785086401516	268.3675699971358	PS091226
191	8.933173670098354	0.7472674864117	-855.4028290811294	147322.6934301378	32.74598387366886	331.4894085966703	PS091226
192	61.534818146999896	0.4692182247940043	735.4660087318788	163617.92704802958	146.37668728739138	189.91908223098756	PS091226
193	77.85625608717106	0.954200486000149	494.04276130715647	1228238.2061291642	128.47724309012293	448.1336662484816	PS091226
194	71.48700085289737	0.9695502732372664	239.6481796300569	2058732.7166795584	116.47853619668425	573.0158552841795	PS091226
195	67.60030297775737	0.9909228316737758	5.024937810560445	2131426.8278976446	108.65225405323903	597.4171547507665	PS091226
196	66.34462498789419	0.9832314432667985	-251.700715136052	1778137.2841905754	106.05159551671365	561.0534623880403	PS091226
197	73.82116113160033	0.9523141361470112	-485.8582612244028	1608430.7543494992	96.42478170060345	559.9000365752461	PS091226
198	36.21995874633251	0.920625311694704	-735.4660087318788	492126.1720448343	70.90579520147097	394.26017127873024	PS091226
199	72.05271847079277	0.9774865393814136	633.2592281206804	1021599.011724376	121.76459771188804	425.3327112986922	PS091226
200	90.56000966304562	0.9539596340228828	377.8720021382902	2070236.6527739875	120.27282064334788	566.9777459621691	PS091226
201	62.9201557752905	0.9633069207570526	128.30140295413764	2054842.6466636031	97.19098681808572	615.5821891275286	PS091226
202	64.89809068344691	0.9981105127963736	-127.70767400591086	2004790.1310535304	102.59095348546124	596.4979480127125	PS091226
203	69.85889015374465	0.9631795757137456	-377.29729657128473	1723866.180089692	101.81199676224772	563.2573297437598	PS091226
204	48.740035929617235	0.8672941401065805	-633.2592281206804	350907.8671232434	52.8163916771737	387.43135467007335	PS091226
205	42.088878207986895	-0.3617295628673003	869.1849630544698	161599.34666242017	123.65198242097937	202.1717270375308	PS091226
206	79.92874656772265	0.9768498840858668	613.3616388396001	1085208.8070439028	126.75754965094492	428.7862042465472	PS091226
207	84.87482822998503	0.9816742830836774	369.9249923971074	1923343.2114039597	117.44977505674429	555.7850416273502	PS091226
208	53.821413574651544	0.9610846019426902	120.31832778093286	1975787.6368957432	89.90342877826791	625.1879769521868	PS091226
209	68.35480686129357	0.9748150953205492	-127.07674846328104	1900824.8942476115	111.4021673925988	564.9947371904533	PS091226
210	67.26853432484494	0.9519843266532104	-369.9249923971074	1529942.361111315	84.93916313573888	577.36685799402	PS091226
211	20.027931216291087	0.3982450366622523	-619.5534682333721	338703.3665019086	40.548300540337344	424.5841296083634	PS091226
212	15.007851453351485	-1.239656400667987	-869.1849630544698	125395.81216704482	90.98284573961732	206.51634048664323	PS091226
213	12.386542726757076	0.0915657263344326	975.9275075537116	156358.81239881873	44.99713985501838	298.95098973456584	PS091226
214	28.905358580832395	0.5427908298336738	726.3928000744501	152302.0681660514	91.88083087067034	222.33988104891216	PS091226
215	87.3314069942868	0.9968568184332288	491.2560432198264	884748.6919075918	134.19770052560884	386.2379613832227	PS091226
216	86.04192165209403	0.9411846134183364	239.22896981762057	1789688.3520563976	128.303669865233	521.2431340028456	PS091226
217	61.86262548121245	0.9459150839491848	5.522680508593631	1736402.2825109349	95.55323700612648	579.4113413571162	PS091226
218	52.08989827179261	0.9850729075351348	-244.82749028652808	1751518.47579877	112.99378949339858	543.7121947255932	PS091226
219	71.89904213636713	0.9302419447717136	-497.4700996039862	1628411.308288372	109.37947869218804	535.003124481259	PS091226
220	48.85471383925926	0.9771339401083308	-732.3650046254259	742687.5933179844	73.03165251499782	459.3492701990476	PS091226
221	16.934936688631517	0.2490183632630177	-975.9275075537116	169355.0725695053	52.53836395805136	290.1039753037302	PS091226
222	19.140002017736613	0.8527271338573441	957.2738636356892	223978.891859382	53.55027925229174	321.96091640799364	PS091226
223	35.868934453616404	0.9939605753546776	684.6387733688474	887222.2643718994	32.523316231991515	681.6478325047365	PS091226
224	74.735448321931	0.996832912101698	410.61691392342817	2380232.822092551	96.26570871424832	655.3663596516756	PS091226
225	57.570800933708995	0.9861207781830338	136.59520489387612	2283343.9800679022	114.84163585201404	600.6393802727263	PS091226
226	80.89796272357246	0.9870026700304786	-136.59520489387612	2000974.6228776015	94.9161956664443	614.8731336199562	PS091226
227	87.09114420030626	0.8976997569001808	-410.06249523700654	1471416.208316377	114.21890410065669	504.92169667213744	PS091226
228	61.6681886756686	0.9751475327852248	-683.251966700426	441790.591094777	94.02003784991298	337.3055060096208	PS091226
229	26.470421262203676	0.3653384665229821	-957.2738636356892	134024.26142363792	100.6434932667609	203.69675112893867	PS091226
230	10.933939470211566	0.595143136059973	1029.6981353775484	285556.28143493284	16.45636096609541	568.8112526630582	PS091226
231	25.87027703889472	0.9792281390102672	780.1341230839733	506720.43314956944	40.523476683614746	498.9415843499955	PS091226
232	55.95777750256413	0.9842091955964484	522.1917751171499	2095055.207598668	68.12219003874475	715.1345530055816	PS091226
233	56.42187838045029	0.9560091409629804	263.4145971657607	2741752.724472289	81.23854868645918	742.2179704162947	PS091226
234	67.103848350329	0.9455372432033686	5.5	2865484.200641649	85.30542035235307	740.8214874768335	PS091226
235	27.14363059765034	0.9066408965845606	-254.19136492021124	1900290.182766283	64.13148727772872	704.5705061842322	PS091226
236	83.49497592918546	0.9868132413916046	-512.968078928894	1468605.25450882	119.11411495492636	496.1371573506774	PS091226
237	33.31466233322549	0.8763863909264916	-770.9145542795259	203809.7282052207	46.15948880500716	329.011124010848	PS091226
238	12.602619419890727	0.5652568045119393	-1029.6981353775484	125131.91106010812	68.81916136440134	230.72172747055413	PS091226
239	10.448374364299765	0.4185821974670399	1145.2254144927103	232546.04655981617	16.23497825859786	526.8026050361298	PS091226
240	14.161106449074834	0.8719164248136908	889.0895624176453	304713.53673999436	25.94685841773021	486.5727695824264	PS091226
241	50.040962639016264	0.9762237131529262	636.1754867958997	863724.0009225628	69.68286876474434	497.19253638444087	PS091226
242	45.24546488502163	0.9653973433886164	378.7548679555155	2220748.893499875	65.68785069552187	742.7296734405309	PS091226
243	53.10376117035712	0.958458227718896	126.65405638983697	2421358.917368201	67.09066972297126	762.4016563181815	PS091226
244	55.2980220867545	0.9774699106653796	-135.83537830771482	2243829.678713039	69.20568718474827	730.4058707593294	PS091226
245	31.950753924525547	0.9562057048082944	-383.3226447785207	1533875.3271417972	81.56030203265836	587.4210547213984	PS091226
246	12.370983974493248	0.8236027382783176	-644.8870056064086	289765.26477896736	27.432102104509458	466.3799894468975	PS091226
247	11.070692395791168	0.5613563879724754	-897.7640280162711	193853.2143300819	29.744259747117543	384.4615838923937	PS091226
248	16.576730161915332	0.4000290460837831	-1145.2254144927103	93902.56220497865	94.84751237458038	180.919597647993	PS091226
249	74.28035179770951	0.6546289000208458	527.814834956351	391170.40249815054	97.92604456304966	316.0909951955523	PS221245
250	182.424954731671	0.8800608678186281	355.0330970487118	1575838.796574311	120.56405115296556	507.8583490564003	PS221245
251	231.453979322892	0.9669589532736808	181.38494976154996	3073394.5259894887	170.06518498033307	578.130888043875	PS221245
252	338.46862768128295	0.9657630030223516	-8.514693182963201	2431358.237996908	246.2172399845308	453.98051357387703	PS221245
253	335.0015200570202	0.9358315109957588	-180.5006925194471	1435396.1430987574	489.5918740578241	279.3058575532043	PS221245
254	816.8150841044159	0.932906502153083	-354.1532154308358	3122428.3234831253	443.39114145729434	396.5584427487962	PS221245
255	283.32302881990205	0.2396909407718095	-527.814834956351	697506.0773012423	165.99450387495162	322.55719152660595	PS221245
256	1482.5856531651832	0.8710870288594662	411.0596063833079	1198515.4342728548	1210.3854444804629	180.93100256277228	PS221245
257	1068.4075698147426	0.9491051908401	207.06037766796427	1081597.0915353647	1145.5961347102266	177.5164493481559	PS221245
258	1280.365280511651	0.9619536115701698	-9.0	974818.3162266394	1429.328829676334	155.86249536996456	PS221245
259	1081.93590570865	0.9546611444756622	-207.06037766796427	1181385.5616763898	943.2936443644	198.75722032596093	PS221245
260	14.861580174103803	0.687808371761913	-411.0596063833079	191586.4008632904	56.08229710254024	296.92076321215404	PS221245
261	23.28842972862256	0.821437287900424	599.317319956632	217771.9069144206	164.24893599724552	203.3408945680144	PS221245
262	266.3254897381184	0.8417960991359871	396.2313087074266	1357806.109954248	443.7968719503362	284.10993638895	PS221245
263	415.63503112198873	0.8899744646570215	207.507228789746	1111048.2383897682	845.970469546143	202.57045282063257	PS221245
264	96.0717906272708	0.1417304272547132	-395.3368816591743	1532431.7008023332	212.2828804365022	400.50825917963493	PS221245
265	23.109616508629347	0.7597274619624372	-599.317319956632	430641.37180984655	34.73836983126763	497.2187993343246	PS221245
266	37.619087354654475	0.5673360880977623	758.4787406381275	144171.0657306637	212.19730440059075	155.62533978425847	PS221245
267	62.16177694034032	0.9654211524411436	509.8676298805407	273127.2495489614	139.75490959318546	237.47844540469737	PS221245
268	284.9567960105455	0.9940241884732288	252.65985039178665	2400227.560154334	240.98160230967045	455.5461979951464	PS221245
269	338.71829548802606	0.8545645248982324	-9.0	1051354.1636362672	881.1101149979874	194.9452038972485	PS221245
270	363.03188754476554	0.9405460865859314	-252.65985039178665	1513594.728188268	387.9039849633671	313.14044202793866	PS221245
271	196.01446990138265	0.5428252360756922	-501.37810083808006	2649995.4298540317	177.89708620329648	535.1253566028835	PS221245
272	2.635842815168757	-1.6453231263215016	-758.4787406381275	209764.0125119366	13.857153072463303	538.5769979089926	PS221245
273	82.21714090440199	0.806969871122303	558.3468903826724	279247.0989578622	201.6868543722649	206.89473794486275	PS221245
274	167.29185013206686	0.9865735894254426	331.94615527220674	1724695.9082683623	107.16090501291256	551.9445867358304	PS221245
275	332.0056891815933	0.9555715585195776	112.92143286373938	2282528.37348013	257.20024094521943	434.9936725051249	PS221245
276	828.9373611024138	0.989077008454238	-112.92143286373938	1218726.0009689818	761.9615283407709	219.18671466329704	PS221245
277	1010.6246416231586	0.8827922888740097	-338.76429859121816	1425972.858329947	748.1818705288917	235.10758784312304	PS221245
278	212.4056080015458	0.4879244779042797	-558.3468903826724	1268868.948281764	92.3226557180416	518.1653957728062	PS221245
279	8.540157712622898	-0.8538297943816393	644.7421965406018	231012.5483070009	100.86779463792344	253.03362208040505	PS221245
280	216.0221025581756	0.9842701957055532	433.9706211254398	1058600.4765703129	170.92800355418763	376.697345827689	PS221245
281	285.77180443626423	0.8433579635510594	223.20506266659817	868028.2452109751	238.03887425300556	304.7750435188823	PS221245
282	428.4395282341677	0.98435283131749	-11.335784048754634	1256847.8444483415	507.8246327806557	261.00726194541176	PS221245
283	452.90496051909344	0.9432974835771908	-222.3342078943319	1570752.0022158222	373.18965263949934	322.7722766572624	PS221245
284	90.34019063511	0.8949902323505834	-433.09640959028974	613856.9073033718	55.66118654293579	474.4941790099769	PS221245
285	11.07024918744053	0.1824830790960114	-644.7421965406018	163604.68693801548	29.083882869681613	362.4785867071214	PS221245
286	12.190459235813073	-0.1059598507733186	724.3893980450017	136840.54891465034	91.47268206611275	213.39997880349904	PS221245
287	15.915191351218285	0.3959115206161793	513.1403316832541	139098.17771892078	137.85145881731367	182.30099700159076	PS221245
288	133.35914393918847	-0.1388783223233129	301.53275112332324	253040.7457095995	229.81594897006488	188.77702243326095	PS221245
289	104.49257840334006	0.9886404661776512	105.58882516630251	1363909.4207024132	139.81665490929402	451.7682054062591	PS221245
290	276.47711589446726	0.936632790974175	-105.19030373565806	1522313.0841697108	251.3151499928026	373.36975798805463	PS221245
291	426.30233237535367	0.9533809909198142	-316.84065395715874	1302419.2398001754	451.28731434330155	277.55182362234996	PS221245
292	335.3482665160415	0.9742607053778062	-512.7621280866987	1682102.6318384055	301.5657362798052	361.2544554106688	PS221245
293	108.21541490826964	0.9010651132575488	-724.3893980450017	939800.7421551138	70.02758851393759	513.2531922241164	PS221245
294	66.01405605797237	-0.0105504133330569	581.0443184473969	247377.9807519223	216.73059778970293	191.51435789409504	PS221245
295	90.37878058272048	0.9495361742878436	347.1375807947045	1355619.1680852596	92.81102297557888	530.9336737659187	PS221245
296	182.42752612726989	0.9684636713671784	112.4744415411786	1960922.8440231292	175.08710783878462	477.42762979302773	PS221245
297	705.6637599102911	0.9376594242734224	-113.36886697854928	1348050.2710068407	739.9171666447045	230.90546300892788	PS221245
298	968.7426551212624	0.8912449211363679	-347.1375807947045	1775994.0843796672	674.6204543308322	267.53328254024063	PS221245
299	163.71021232111875	0.6812723642372156	-581.0443184473969	989366.5938787475	94.7370653784197	464.25858138258377	PS221245
300	575.0760674669265	0.8991547092546658	439.27923920895694	1523808.0012574156	261.2492098942078	367.7690007610552	PS221245
301	705.9151597976506	0.9165599742488164	219.85051739761724	1222181.9028045917	656.3495883367232	232.92991424143625	PS221245
302	1917.28762739861	0.9608577025628996	0.5	1057709.0699432371	1375.6318157282983	163.51990302899162	PS221245
303	1364.867278208743	0.9457097569014036	-219.85051739761724	1660501.4749430867	791.460191526912	244.31441400468168	PS221245
304	8.791412878636349	-0.2312270849029083	-439.27923920895694	175714.18720649002	31.040173164509145	363.39428349800255	PS221245
305	29.93264812559135	0.303460604838989	412.1128486228014	237678.6175553195	172.5046704321485	206.49080443655168	PS221245
306	56.37832568367218	0.8467465244462407	214.72307747422028	1681424.9581545915	120.88215928878456	520.6562983164741	PS221245
307	761.6438669204186	0.9946371546430384	-8.0	1226175.14285201	769.0578371037885	218.9083948071418	PS221245
308	74.29319550538928	0.9150075395665968	-412.1128486228014	2615286.730052693	263.10516074707147	455.17771524468185	PS221245
309	898.2909264851669	0.9848428206643594	566.344418176784	1174837.408801315	714.279814937728	221.65052785884427	PS220410
310	926.2333746092386	0.9142289990949278	333.4336515710434	1201497.501531114	719.6331192874018	222.98194842637508	PS220410
311	1207.523137055408	0.9853788819842468	111.16204388189342	977794.1506590464	1216.645768498439	166.44023800596142	PS220410
312	747.6295362167701	0.856779611352773	-334.17510380038783	948081.2625440124	1104.4800521987015	170.88348361956503	PS220410
313	703.0780231230597	0.9701893389790324	-566.344418176784	807152.4316688074	618.500502172119	202.05575067816005	PS220410
314	628.6825701385595	0.9404362510775888	576.9196217845256	1495911.5157451625	680.1005096608153	248.9763731384835	PS220410
315	729.3541647521694	0.981396770907379	343.67608296184943	991750.5264265724	805.6882695408641	197.38728514914703	PS220410
316	1429.4297938565048	0.9930636869613833	110.5	992742.5752323456	1491.5992128514788	154.3472211987962	PS220410
317	164.66375479973755	0.3600631725778496	-576.9196217845256	1407697.146419647	507.60730038402966	273.16028834991675	PS220410
318	6.202803036241181	-1.726942299933909	916.057312617502	164005.39360650314	50.00722717061047	292.11587334234014	PS220410
319	827.4230753131815	0.9920124374187272	682.7979203248938	1412842.28032134	744.7227668913587	234.6738158095677	PS220410
320	772.0229919190366	0.9684350123591364	461.182176585349	943202.0172689394	887.0359504052371	186.16173331422735	PS220410
321	1242.3777108320503	0.9962536274436824	228.06358762415363	907173.3449352277	1277.495601198617	158.40079656775845	PS220410
322	13.0963756057783	-3.33918182665776	-227.26636354727023	937548.1293214138	558.3537848091742	223.4902889879537	PS220410
323	340.4814033871278	0.9172923237442588	-460.1315029423654	1003247.1916940152	500.1246584413657	239.96996499506625	PS220410
324	3.596279536095442	-1.5268283145582298	-916.057312617502	162661.1355175429	24.016574246397777	390.4218458544733	PS220410
325	1159.002576511004	0.9926679566203314	694.4272820101469	1178163.4709607423	925.642318346896	200.04603824398453	PS220410
326	600.4823328027625	0.9897146414002594	472.1199529780541	889922.2773429656	1089.8020873171351	167.50462057744426	PS220410
327	721.8075508874279	0.998522625224877	6.020797289396148	877051.3864002923	1056.1790579665758	168.6320071079018	PS220410
328	734.7035753651668	0.9241862501739372	-227.2911128926954	798430.8148151289	1186.9323668229104	155.00636823522416	PS220410
329	101.4464404141761	0.7565365699580617	-461.21822383769705	1712436.1229626087	227.10715247854168	407.5476953292581	PS220410
330	4.683492687802254	-0.4609500353408846	-694.4272820101469	173916.4625056108	28.33855130928246	375.327368136422	PS220410
331	7.634493547249915	-0.6528781207846863	795.2851689802847	207282.53383472373	68.40958460843973	283.01100031681426	PS220410
332	909.7515161792688	0.9926620695009688	528.3772326662079	1459305.996068207	769.4869281125071	234.64054696239725	PS220410
333	445.8346103221745	0.9613617450241596	261.3857302914603	1028034.986025644	758.9019158108729	205.0944519898086	PS220410
334	440.0724361035219	0.7933585051297878	-528.3772326662079	698218.0504466983	1104.9809641502663	151.17484238003306	PS220410
335	257.16076727262015	-0.2564250880408769	-795.2851689802847	823456.9638493529	333.3275155192854	260.81520766944254	PS220410
336	615.3517789214061	0.9707363846602628	717.649287605025	1498540.8164068027	601.6917166526317	261.6633105155197	PS220410
337	345.57885508669864	0.925433839981663	138.89744418094958	727591.3556749567	858.3342347544572	170.02682792328574	PS220410
338	919.9911595373898	0.9845291847619652	-138.97661673821247	857269.5462754411	948.3277009456368	174.45707953057126	PS220410
339	19.256598743058156	0.359812441420263	-427.81362764643205	892613.3188402063	119.5443591428094	405.95577507626	PS220410
340	239.16078689463257	0.6587152800783334	-717.649287605025	965882.3866701956	429.4377877945449	251.20866181330737	PS220410
341	639.3554136221215	0.9781586059635792	760.3033933897705	1161085.7072453813	760.215433442139	215.17710139397093	PS220410
342	1056.2580007237596	0.9704974890256134	450.24798722481813	1027624.9573038298	1217.2439251518344	169.74923475836977	PS220410
343	981.4234976090456	0.9958283547452252	150.44018745002944	984716.6025514205	1094.7478686032684	174.11006392390323	PS220410
344	451.0194831973636	0.8165040377083823	-150.44018745002944	887325.0733943011	561.4346687535148	218.14156516744993	PS220410
345	108.63973867510424	0.2167264746754464	-461.21822383769705	1409192.5009224585	104.46444153529502	514.3109239128189	PS220410
346	168.27795023191297	0.9637655967141364	-760.3033933897705	2355465.1898959405	137.5450653814136	565.81920571437	PS220410
347	700.7475733863963	0.965700581039444	765.7940323611826	1090117.1583000603	811.2500500728643	204.4336533055192	PS220410
348	689.3287012765462	0.9864885826763516	455.0565898874556	1157737.87886443	745.6081726413148	216.60318952715951	PS220410
349	713.2189875041918	0.8772974167012207	155.92466129512675	689751.9537591047	685.6037623133682	182.08447280333644	PS220410
350	645.2900983715143	0.8297424755121463	-155.8540984382509	1222984.3808584986	586.6379987200298	243.69426131694172	PS220410
351	466.0082814084145	0.5814536625813689	-455.0565898874556	1667057.472508201	333.2517401057559	345.85676335926644	PS220410
352	153.93207418405024	0.8638402248512708	-765.7940323611826	403758.9118793311	131.95407331029068	284.1219209527078	PS220410
353	644.1380151847973	0.98480943514554	443.6363939083447	1136767.1173204298	576.2622931533189	238.3666724906271	PS220410
354	449.26958495390875	0.9307695923386444	143.5	1056955.8426365622	819.2309472160917	201.13387086158707	PS220410
355	340.14516101543427	0.8947893581937261	-144.918080307462	1757583.3920454974	335.2635559553217	352.4007722330822	PS220410
356	12.355792679787887	0.2495708400696755	-443.6363939083447	185907.85369930888	236.98466567491744	164.8374968083018	PS220410
357	26.21356407108939	0.957622724185994	687.495636349788	606517.3073441585	56.73379035363069	468.6251297487701	PS091154
358	35.969315401503195	0.9399581584089692	446.7351004790199	1184003.625364812	56.65561411058039	612.7298618289165	PS091154
359	33.38019240430981	0.980170338495118	228.95905747534863	1417332.7796114178	50.10649259831677	691.6018483877912	PS091154
360	38.409070251643456	0.9911695824221178	-6.020797289396148	1532680.329882322	53.572553049515335	694.7502476681175	PS091154
361	24.440669290363015	0.9636127867563664	-228.95905747534863	1330758.7543292374	56.161389756238925	644.3021913497737	PS091154
362	19.50463907630498	0.9658591981245916	-462.955991428991	451081.9435308572	50.91467635866881	434.7003565100944	PS091154
363	13.10180864970938	-0.2781593040692558	-687.495636349788	179675.2292580584	48.993971761315365	305.46625339621005	PS091154
364	27.857590724213264	0.9834802300744124	883.7239387953683	737507.5226452814	45.49045770104112	553.5584357072569	PS091154
365	33.25197716663902	0.9564327102800244	628.1719509815764	1156605.1448349888	61.87690405831207	585.9865281027791	PS091154
366	31.81197356271586	0.99589326580042	378.87464945546304	1496166.295224329	46.72835573265952	726.7495327173475	PS091154
367	43.97904623443804	0.996128832875522	132.43866504914644	1733343.8129529562	63.41752051801457	682.1740531975158	PS091154
368	36.732239678425636	0.9872000593531784	-123.98790263570072	1151203.1064368037	57.24768002054711	603.3685076076246	PS091154
369	33.011539449729064	0.8330496967568236	-372.4862413566439	392318.5016565432	49.822354468034746	414.6778433713396	PS091154
370	7.580792423739757	0.8130054911053821	-627.3985973844698	210784.7895994466	21.07088776129676	456.3390018537544	PS091154
371	14.156570338941757	0.0795923897084346	-883.7239387953683	145726.00580184182	50.232846845184184	278.12800596336695	PS091154
372	15.86982142947907	0.6599201736621811	1030.184934853932	173071.72458183527	60.038995857293315	277.4227641792787	PS091154
373	20.15439391257677	0.8638192782581139	775.2638260618123	491091.5499920097	49.20383811332587	455.921850189336	PS091154
374	28.088043390743252	0.9828029782150912	518.9344852676492	1322735.5861978875	50.081867271238416	672.8868236616072	PS091154
375	35.47394563256406	0.9614639100244048	263.3723599772763	1618471.536102267	48.93567567876371	736.2355853033845	PS091154
376	35.32261227061655	0.9501400779751286	-7.0710678118654755	1464239.4594497508	54.31613567971111	678.4194819697425	PS091154
377	35.506141878364254	0.993211699008564	-263.3723599772763	936176.5170796952	57.98919938510709	552.623394667638	PS091154
378	9.922008269476477	0.6777241986186868	-518.293353227687	284642.4505638784	31.203264369422666	439.8097671505951	PS091154
379	9.662846267270648	0.4361817365643277	-773.855283628664	143216.41051363025	46.45909001653805	284.96652626727484	PS091154
380	11.569583019571771	-0.8513700326745968	-1030.184934853932	140097.12802758944	70.88951935393696	238.54147175546404	PS091154
381	10.87993520850087	0.435108853319613	861.2585268082981	166207.0523760534	60.60339797094456	271.94808381706457	PS091154
382	18.19974342238179	0.9397527131009292	613.9879884818595	374786.7908938375	37.021457137193835	458.51898388480055	PS091154
383	40.46748413986737	0.9532260823851766	366.8204601709125	1141711.986440043	64.00667223928104	575.1187663635437	PS091154
384	42.351730566362825	0.961518290062567	126.98523536222626	1776705.8247927532	67.528853693355	671.8548762883078	PS091154
385	49.98514965015686	0.964269284270864	-126.98523536222626	1521653.0205377445	82.89127014105055	581.7652138273702	PS091154
386	16.168140622322365	0.9755589482955256	-366.8204601709125	1007324.1696169168	45.758133153194784	625.6124702632083	PS091154
387	23.617491325449073	0.9674029659361222	-613.9879884818595	337039.23595123756	48.326480977445435	395.02367955259626	PS091154
388	16.812180641196903	0.4838738452528582	-861.2585268082981	136517.2037593538	84.3746443515372	220.19892059773235	PS091154
389	12.64954428857458	-1.4940206758827106	995.7280000080344	137000.11702610066	95.68459457765864	209.68945020807212	PS091154
390	10.511049879608516	0.6888626225226249	779.4852468135622	180812.3450126623	38.08283432959687	338.70728705516206	PS091154
391	33.482326985638224	0.8319894271516612	555.9372716413246	894406.7887210397	46.462220093543394	592.9240492291369	PS091154
392	46.70254500090684	0.9946004501537936	332.3345453003645	1391905.8321450737	60.38812286924463	637.2184531373375	PS091154
393	44.92776350735237	0.9677180137679772	108.08908363012428	1706271.347851328	64.72413327021019	672.3845969524709	PS091154
394	52.93077083219191	0.9920848875344196	-115.61249932425127	1532906.423942607	77.97035933153191	597.9425477664731	PS091154
395	63.421786133216585	0.9822954538748327	-339.1552004613817	751403.9276886688	92.40425657651036	420.0467294640863	PS091154
396	13.794782585582425	0.849864402571121	-563.4352225411542	216423.7980587457	49.54730072360678	327.5963241493637	PS091154
397	10.62592220357423	0.795780454809692	-786.9918995771176	182301.56293902147	43.69628868992099	321.63503556864066	PS091154
398	8.835708436429265	-0.5547962881742148	-995.7280000080344	160962.12418641595	40.65848392913288	314.9589977604875	PS091154
399	16.573845664591776	0.5585784832075855	957.7025895339324	141240.88552589738	125.6616180286956	190.33915103880213	PS091154
400	20.65436884497402	0.6299559680300137	709.1348602346383	266733.40190972225	32.70561568717279	420.53974216329175	PS091154
401	20.524276862917816	0.7495800635426331	468.2950458845363	1007028.1691118588	43.20584481278037	640.0658569533896	PS091154
402	44.56771402760712	0.99339270828229	236.7662349238168	1882284.7814427651	75.6362368487897	657.0632557710244	PS091154
403	82.02361347996327	0.9516824928435592	-12.298373876248844	1857573.3870487895	92.50775040053908	603.0206137419862	PS091154
404	91.61665179579222	0.8980659026787432	-243.61291016692857	1035436.93814415	88.71456128766104	485.3740036629989	PS091154
405	40.12276687706581	0.9439475064228104	-484.4308516186805	247111.903076464	80.59303537523004	284.3567062961989	PS091154
406	11.67376928088651	-1.1375284649849091	-723.85651202431	141916.78211211812	151.6712562736608	176.87937812233895	PS091154
407	9.360098347358376	-0.2989797535012422	-957.7025895339324	138243.7971315794	185.85845291012444	161.3653739284399	PS091154
408	7.139883828875655	-0.2877686301269744	835.1733353023192	152152.31393279927	40.7684751556067	307.61439279634305	PS091154
409	13.236946960986408	0.913128335114158	595.7604384314219	339415.25373799936	41.86137204827477	419.5581610201516	PS091154
410	32.51097450296251	0.9879942003003972	346.69078441746905	1462815.7038521038	48.71186700201638	708.3484528394861	PS091154
411	55.5330869932965	0.9319644606628424	117.82402131993288	1965490.232453894	68.01866125520677	697.5287911067002	PS091154
412	47.833294741315605	0.9630720711511112	-117.82402131993288	1814619.6509861457	61.42209841709013	703.7354005428979	PS091154
413	31.774359431362683	0.9089673507704776	-356.7611245637618	1542208.7835402056	50.10724216481855	715.3557674378912	PS091154
414	20.534070605966328	0.9040761710335304	-596.1631488107932	454345.9278363553	47.1430227021599	449.5859184272118	PS091154
415	9.645165420064965	0.5654126730867135	-835.1733353023192	163986.3337738462	38.169999588550986	325.4312202698012	PS091154
416	12.520212640634773	0.3424570783277726	728.450753311437	317029.3287646512	271.2430452249727	193.3398360790111	PS091154
417	28.806470466155343	0.7462409437702371	476.5821020558787	814935.4635421123	50.8555845778828	550.983813801322	PS091154
418	46.554372840152155	0.9084739568652404	235.5769513343782	1817877.5705106144	61.0931964022939	705.7546161811172	PS091154
419	31.82088488400682	0.9466801792572924	-5.522680508593631	1678972.7424163532	50.13441373875249	739.9256728693047	PS091154
420	39.25567858515456	0.8869153343173501	-246.43964778419888	1447005.8438346577	52.51026478771156	684.4085792406204	PS091154
421	42.154989627852906	0.926959616605096	-487.4448686774741	856558.0932669746	73.88400370808385	484.069338460593	PS091154
422	14.475228144775365	0.3818490747428462	-728.450753311437	291370.4969971587	112.12046891988818	266.1517229238443	PS091154
423	5.657265124933308	0.3111946072008525	567.5266513565684	393944.7008129443	18.887106533298304	612.2558555326336	PS091154
424	50.45738294008368	0.9423590427524384	283.5533459509868	1319434.314918453	63.59512022694583	610.9569464293484	PS091154
425	49.09709099100723	0.9774875190142426	5.522680508593631	1540778.179578614	63.12045701603171	652.0081255025486	PS091154
426	25.65117309364244	0.9022145661434142	-283.5533459509868	829015.6768073689	58.6536191524175	524.0010841091114	PS091154
427	61.84498108866767	0.7485648673775982	-567.5266513565684	293354.8606128514	298.15927956617656	180.46916021489903	PS091154
428	367.5570191677898	0.9769180292831232	377.9857801558149	1360261.331803279	575.9888403723384	256.15823815504496	PS220520
429	538.88269363784	0.9872952423286374	127.17409327374816	1260940.4517701613	733.2479560480961	225.63293918117392	PS220520
430	530.4024256107839	0.908679996835275	-128.09078811530514	1489562.7082642312	519.3657452994446	276.85935937262275	PS220520
431	305.32279104875744	0.957496486125238	-377.9857801558149	695123.8377787488	459.01700549254184	214.44621080484956	PS220520
432	64.33364003762144	0.865816912297283	279.09183076543104	743254.4555501975	300.24410152651274	261.0298831952517	PS220520
433	821.1050884882761	0.8418721976572149	-279.09183076543104	2164687.070479304	486.8761836780359	329.92532341633046	PS220520
434	218.7151208721538	0.9345469694148671	746.2509631484572	789067.3534727659	485.8899099798245	220.52381250529743	PS220520
435	357.67958895666254	0.9380803372164532	450.2205015323047	863962.2204544221	715.1633951325906	195.91189433840785	PS220520
436	442.8432011174935	0.9932530234462508	148.70272357963051	923217.7586837022	823.8150257476111	190.11430251278807	PS220520
437	326.02891841123227	0.9509351282135724	-449.29333402577873	785652.2252909075	1008.527734688151	164.37736479556168	PS220520
438	641.3236056233859	0.9638530636243194	-746.2509631484572	1483904.6000201344	666.4978869404698	250.18881831989063	PS220520
439	441.2778887396634	0.9129497226168288	705.8875618680357	751420.8017608438	1036.1669147163848	159.73732642477808	PS220520
440	291.16501055224035	0.6906926563868664	-474.0667147142899	769280.0087010378	395.7429057006376	236.97009220202108	PS220520
441	1079.3771005939227	0.7529080934736126	-705.8875618680357	1098383.2756132353	1032.5079325295617	186.19551687115109	PS220520
442	478.47369049088593	0.967265634045347	890.8863563889616	841773.4593882913	684.8855193167103	197.26766865894172	PS220520
443	349.57697883583364	0.9188335286520986	303.3422159871586	785320.7039103872	699.1422855954062	190.29071812303596	PS220520
444	218.77981557702984	0.980951247316345	-284.3000175870554	898544.209196689	630.3184200914608	209.3229248580128	PS220520
445	108.26005999116352	0.7642266483429321	-581.5844736579545	1111375.6940828993	178.73821126894444	377.2961807658645	PS220520
446	18.006334925300365	0.7172217716722864	-890.8863563889616	154094.11936916117	132.95954526992293	192.68665246479225	PS220520
447	1508.0077371663167	0.9936757592440412	749.3138528013478	1155359.7391213758	1377.6012984344543	169.3021559671281	PS220520
448	92.8877756335061	0.9833118397897984	148.53029993910334	853312.9233044944	218.87426743806031	313.0332434852968	PS220520
449	64.13431336791514	-0.5276062878404093	-147.5914970450534	779962.6497815766	313.7537318203632	261.4682598737777	PS220520
450	235.0684692986192	0.7958527394457156	-453.3356923958227	1723907.0792008808	201.6577456026354	428.53331683350734	PS220520
451	94.2427696285021	0.7046342053612293	-749.3138528013478	1513985.315832929	58.25305277794331	668.5689507294885	PS220520
452	60.79084434841354	0.9512484593057662	687.4798178855871	1109502.2271758514	483.5434018217882	253.22238850016663	PS220520
453	17.32413624483212	0.6770397362023607	136.47160876900367	879235.733731817	427.7980589023706	242.3101589180652	PS220520
454	152.77328489090772	0.9148516241389554	-410.6464416015315	803219.7342275028	253.77261327706273	287.99229016945344	PS220520
455	171.3972051359816	0.8556182691088984	-687.4798178855871	604737.8929916852	68.1330812523759	435.0194502092843	PS220520
456	74.8128005005731	0.9505717559722728	640.8806441140191	936331.3823641484	126.16667459457068	404.96639262054146	PS090219
457	155.7764078401841	0.9781858678864436	320.44032205700955	1244429.1844113334	244.6887586763881	348.1508678866487	PS090219
458	179.56855029812428	0.995215200461708	-0.0	1461092.2003225542	262.9424099009354	360.7047052418908	PS090219
459	148.02891326552256	0.9867595863755086	-320.44032205700955	1316770.5951666406	189.64671117954563	394.3219345602296	PS090219
460	14.106115138642652	0.7009155540792867	-640.8806441140191	271409.2146352418	53.11258368223761	348.81558283457423	PS090219
461	196.0181786773442	0.8979425144017463	917.9712686135662	269498.39981780923	322.19469516504574	169.12201184165156	PS090219
462	123.19688272712143	0.9688393066175996	609.3162151133022	1608886.060162086	186.01596285530525	430.54152413221664	PS090219
463	95.12290381769516	0.9609496368303064	308.2746340521711	1788432.4236302243	149.20877669895216	490.5646843387203	PS090219
464	121.4393374609392	0.9614174057462236	-0.5	2197896.0160634588	152.80030760446965	527.6891681127456	PS090219
465	98.17854521643224	0.974923654654786	-308.2746340521711	1804529.7987146168	116.55645910270349	543.4456280310528	PS090219
466	14.848484966034166	0.904505339766854	-609.3162151133022	226946.89490279023	30.90439338789195	403.2613715268616	PS090219
467	12.641583914584576	-0.0916437873384701	-917.9712686135662	142623.1231856287	40.89366449098108	299.39088866088764	PS090219
468	206.12679566492588	0.8976987092323527	694.068620526818	1472640.616204704	247.46300903249767	370.73160226221967	PS090219
469	112.11896600921868	0.9947514698751758	417.2939611353129	2021747.813482121	184.0607549753115	473.7304790090029	PS090219
470	107.01380299225076	0.9473846851140466	141.23119343827693	2114048.247673268	144.04635334947636	531.949083257985	PS090219
471	65.38036250946992	0.9900747753758192	-148.28098327162522	1820125.1790678576	76.29721038584297	646.0439346365426	PS090219
472	17.292083137231753	0.5738982705085378	-417.2939611353129	251885.06204433023	34.237624946582436	403.5566675869828	PS090219
473	20.734463808253285	0.6653872461377761	-694.068620526818	147953.81935479585	67.21804554682888	249.0468965497248	PS090219
474	13.762715292530572	-0.9560650782268068	856.5401333270963	435174.504665553	181.92482366201529	257.47413429440803	PS090219
475	139.6630015257184	0.979770208389021	559.4327484157501	1591867.0856902036	199.380033018903	416.97985117511087	PS090219
476	74.01263964441551	0.9889492506483736	282.61988606607287	2296415.556101507	134.78596405354466	564.6604092119242	PS090219
477	106.5887725414161	0.9840923863057168	-7.0	2116848.8655800833	124.95781643455446	563.3724224139071	PS090219
478	32.808753151210325	0.777276748626206	-282.61988606607287	265060.1064029261	82.80603568559413	289.2930258568226	PS090219
479	6.981900326630519	0.2075450806920127	-856.5401333270963	159041.6529347028	25.587098779992253	377.24279004000664	PS090219
480	212.3871811036012	0.9845048959846096	338.35077951735235	654648.2488159051	425.8674665853681	215.73391890881865	PS090219
481	181.52206214059743	0.9965739185953536	134.5037174207464	1483629.541021118	278.38322290270634	354.7300496179447	PS090219
482	142.10720359243814	0.9211231247523431	-218.4931349035937	1945311.5847597497	154.43023981303963	500.4120339386143	PS090219
483	78.91806372114303	0.983174718514918	-338.35077951735235	1523059.0417019343	106.60381148370575	526.26273302595	PS090219
484	182.40379403060183	0.9744373295129672	519.8966243398778	969534.9745507732	274.0324626591169	301.1130658983785	PS090219
485	101.0765081524072	0.9855693326361364	264.9952829768862	1573244.5503140583	211.72065324644177	405.1708742212652	PS090219
486	120.9487374753017	0.983305486704038	9.924716620639604	1595802.4033000818	180.54642894624507	434.2912695632083	PS090219
487	34.959036572652444	0.9008063599469472	-264.53827700353685	137570.33475139207	146.06498319490373	177.34399461315866	PS090219
488	14.7498889947219	-0.7286302888873684	-519.8966243398778	134849.989692149	94.99714138481392	208.96866415456248	PS090219
489	161.10099942302784	0.9592876662060952	540.2314318882233	504533.51646068384	319.0653329006192	218.18715279604496	PS090219
490	183.69364961176004	0.9966575061420286	278.38462601228537	1436488.777105029	308.33464155833366	336.1529917678996	PS090219
491	151.77921333947126	0.9699297488049212	-7.0	1815525.8128429768	179.91072448573317	457.93428980550664	PS090219
492	82.71396638721512	0.9768103997046144	-264.5996976566678	1510667.42882069	141.59401268475295	468.24656981087935	PS090219
493	13.231666223987236	0.1547865534565611	-540.2314318882233	202102.12606654983	84.5167909499793	257.44008345853433	PS090219
494	135.99488970553446	0.92036785642973	749.2462879454258	242624.82863803624	182.77459096828227	203.4383302184929	PS090219
495	99.44717775971004	0.93882756620121	449.1102314577124	1593230.8868092534	206.05609766655408	411.6634531654575	PS090219
496	143.9252116701876	0.9590334217254504	149.40214188558343	2055489.9133230571	192.209743934932	468.68493494445386	PS090219
497	110.38666605729702	0.9858855322488024	-150.30635382444748	2007241.4885753223	149.9350160382016	512.7475997114431	PS090219
498	87.79751587518444	0.9587691951434848	-450.4420051460565	1382991.9779265851	116.1224876080536	489.3125403714136	PS090219
499	13.526704099002684	0.586653091553878	-749.2462879454258	121480.98225158968	34.09138281284816	301.9746490015573	PS090219
500	139.06368055462835	0.8980756808884551	674.1309220025439	712987.395857026	199.66964796750204	302.2267731750137	PS090219
501	155.52005316495558	0.9906935653611136	412.3038927781303	1975062.9835654043	190.4479161307799	462.96366137375594	PS090219
502	107.78586968997128	0.9487942435750688	131.19641763401927	2067104.599688196	140.08746142518984	533.1019724399412	PS090219
503	135.01650160641617	0.9835035202416682	-130.27087164826986	1716787.8346149432	178.0819360067348	449.638735380125	PS090219
504	104.32379944723282	0.9734615336438996	-406.02524552052176	1659803.125593908	138.39700144491636	490.6784369345564	PS090219
505	18.676516065250883	-0.5456406511260339	-674.1309220025439	209817.7932035216	205.5686295746584	183.13831071472237	PS090219
506	7.476828779722519	-2.165618093488906	684.5723117392347	129374.51620663978	51.94476126787868	261.6663086598703	PS090219
507	74.2475503380494	0.903857134077681	409.7697524220157	567925.0462391789	154.79260482740466	305.521191863956	PS090219
508	117.52261027500084	0.8976318300942226	134.20599837563148	1661526.7875304488	139.65166504075935	489.11333783350375	PS090219
509	65.36253028139845	0.8707321848166372	-142.1592416974711	1766804.4985283527	119.6162157363213	533.315725089958	PS090219
510	92.0328690262191	0.9890132437505526	-408.8462424922112	1630660.82355464	129.2288224109432	500.756637343973	PS090219
511	88.37159324863856	0.9775794889296324	-684.5723117392347	1078495.5849768585	139.9599497931075	411.10319459697166	PS090219
512	162.7406658253674	0.9752347090623812	541.8473032137375	912393.8233479084	234.5400736756221	312.75994343393813	PS090219
513	100.65394688224234	0.9308301580793592	329.70365481747393	1425376.7494770198	148.77151409905474	448.5273901001142	PS090219
514	126.75153172324902	0.9089584992156128	113.52752970094964	1550969.6013646903	186.94930973248785	423.42527877335215	PS090219
515	121.27779355580223	0.9787868642870772	-112.26085693597749	1433275.5403776204	136.87676455182756	464.7559918330769	PS090219
516	67.07156783020714	0.6020781422480159	-329.33645410127315	1078377.287430521	87.12324706681596	496.9122301247704	PS090219
517	18.59147229399868	0.4284296656870087	-541.8473032137375	191579.79742304343	25.320874742803703	408.1064099591689	PS090219
518	98.4086295745302	0.9731286467264828	640.8806441140191	1026794.9419506064	234.81827909723765	327.7372022954071	PS090219
519	91.47485689989604	0.9789186094023388	320.44032205700955	1337032.5633127498	235.16112413639271	364.0286767337709	PS090219
520	88.74377774803939	0.9826067698531318	-0.0	1453786.9040431194	195.4025406008765	405.3715193381285	PS090219
521	96.3770107847442	0.8718154732227709	-320.44032205700955	1305769.6176363947	189.8286515664786	392.8501585889951	PS090219
522	40.83818635154369	0.820721473214239	-640.8806441140191	342200.08580772334	77.35141132039035	329.2681798875567	PS090219
523	99.83068001639812	0.7793330186568094	613.1127547197171	418288.67316435947	309.68176135174417	204.8562434621689	PS090219
524	112.2877316063662	0.97773706719279	304.4474503095731	1938456.8944054365	197.93105804224	452.48261212091063	PS090219
525	93.82901882533632	0.9858006348918888	-7.0178344238090995	2087268.2909598337	169.82470097530816	495.51405890993453	PS090219
526	82.32152509882485	0.995183981614951	-305.2904354872586	2229561.845282023	150.92487647938805	533.3453241865958	PS090219
527	91.56617718591868	0.9880771935544672	-613.1127547197171	1955673.078667108	142.02180816592696	518.5629712415991	PS090219
528	149.6841314756928	0.9564104977113452	699.9037433819025	402517.0404751663	427.999454686726	177.2398754833987	PS090219
529	169.55546625528316	0.8960187028199161	411.448964028347	1859112.3351180889	256.62208330161013	401.0787535636331	PS090219
530	115.36225497798216	0.974280927688527	134.72657495832067	2124332.952885804	201.65342647325835	465.8775750173802	PS090219
531	102.48494104935176	0.95513110284709	-141.8000352609265	2220677.3912485363	161.96916611240718	517.6619739930833	PS090219
532	105.86350581693056	0.9250158184301652	-430.8784631424504	1829637.9081026288	115.01574244680148	549.3740725098384	PS090219
533	86.92097976087476	0.6350369238123938	-699.9037433819025	246657.8847221706	154.5091840394307	219.0187498413887	PS090219
534	9.372430372351472	-1.240354629570878	569.5711105735613	631389.8391569853	197.23752086808744	289.29986805058013	PS090219
535	137.53326361409358	0.976945006932664	272.5	1972405.267380576	232.69856207360127	427.0768155458453	PS090219
536	85.22824652373524	0.99347860323174	-7.0178344238090995	2629877.1833320423	159.1064872342966	557.8584888646114	PS090219
537	125.89417205552186	0.9669213996848682	-292.74946626766035	2285457.8605514844	162.12127635063106	523.4537263039049	PS090219
538	21.659881586827325	0.9012470697228931	-569.5711105735613	343577.2942202422	56.57143634918648	373.7626618036421	PS090219
539	144.6055753838615	0.9773712648226538	442.3078678929417	843015.4675316726	391.630816381058	246.8359933020836	PS090219
540	111.4095948442548	0.9740980170781554	258.77838008612696	1791080.0607522964	237.0673194712137	407.8705402729972	PS090219
541	155.91771083508493	0.9617837628236384	-254.5	2277110.1902509267	181.23020039568723	499.9037615501769	PS090219
542	132.3647400123639	0.9533887220729944	-253.80356577479364	1694397.3330244	146.60166718023376	483.47670560102137	PS090219
543	15.227444586531393	0.1596481687352489	-442.3078678929417	203035.19424628947	68.22526031405147	280.98003596041167	PS090219
544	67.57731662287982	0.952758794454678	525.923235843407	275804.1879101463	238.9335885667228	192.37758758910672	PS090219
545	158.12323254766298	0.9896711210857666	258.55995436261975	1294267.2382970497	273.159208695188	338.4295363951908	PS090219
546	91.81976045640654	0.9486237177432446	7.0178344238090995	1845301.1892991408	189.0536212561408	451.87458795667794	PS090219
547	128.7277834141765	0.9828531695077	-257.6766384443883	1720474.8540046415	213.88511383347452	418.2270535548648	PS090219
548	13.238903218957065	-0.4917075028991713	-525.923235843407	201315.1364406235	108.8086460461144	232.3326379952132	PS090219
549	24.294518369169484	0.0062237397974835	670.9636726380945	690712.5572374352	247.0308677670272	274.05861917812456	PS090219
550	174.8674619584189	0.9784271595994464	409.11642597187415	1665077.94584193	296.33046858428673	362.31667195778937	PS090219
551	111.76732595806722	0.955515487311514	133.54119214684283	2233533.533578541	189.25979836873853	487.52698118535193	PS090219
552	66.62779996625812	0.9862845198932376	-133.96734676778516	1921066.2803199547	148.01660027090188	506.4280867557475	PS090219
553	37.42033312969144	0.3725146065519714	-409.5	201671.19932077423	209.62510875705033	178.85671346075912	PS090219
554	13.05174834632086	-1.164130991543594	-670.9636726380945	192376.86701793212	96.03543290243871	239.83554800239176	PS090219
555	72.84180335705942	0.8640942424330278	749.2462879454258	309532.9212558636	170.16813361105585	230.75783650261255	PS090219
556	95.26214934045812	0.9736782502427358	449.1102314577124	2023427.6058546945	223.21265342653103	438.7049740276634	PS090219
557	88.48985188311556	0.9892199251244256	149.40214188558343	2441970.853789221	158.21133722920072	542.7829088178262	PS090219
558	96.32482804117376	0.8859852554364134	-150.30635382444748	2104551.3086044015	144.33505105583308	530.5668326308707	PS090219
559	89.4402756228643	0.968600075959932	-450.4420051460565	1434247.3111799057	134.01014566342536	468.83449755120125	PS090219
560	18.249591793967213	-1.928050339366794	-749.2462879454258	193903.30932949344	90.09991459668692	246.8137501952856	PS090219
561	211.280821273929	0.938805411207048	674.1309220025439	859892.331667565	242.59869727550327	301.3333909666029	PS090219
562	140.31296300487176	0.9473402141253724	412.3038927781303	2481333.684205295	189.2060472904525	508.5399517060712	PS090219
563	100.8864091591332	0.9200512237531292	131.19641763401927	2531453.7021788005	141.52116503902042	575.7639268912783	PS090219
564	81.88654265201151	0.98508006743087	-130.27087164826986	2052866.4729940745	144.4981354839509	525.0786955590601	PS090219
565	97.08675527679594	0.9537789071991384	-406.02524552052176	1744257.7181856006	147.70047741134815	487.6593055814978	PS090219
566	13.397883477648582	0.2161663578690873	-674.1309220025439	246959.1143709412	97.7656609995638	263.1482592306777	PS090219
567	121.4150264604394	0.9504630083222048	547.1665651335067	923019.8874168964	195.07985427962723	338.2396128692543	PS090219
568	128.84916825459777	0.810816210897215	271.47605787619653	2243649.3571838504	165.67847371680114	515.1107036199771	PS090219
569	68.57403043854067	0.956039433876112	-10.259142264341596	1942758.284731297	129.24252394820593	537.0693270416846	PS090219
570	124.85704961859832	0.7411811862357611	-271.47605787619653	1990694.0537876328	156.52203654618074	502.33868673466066	PS090219
571	117.1653353572036	0.8561716784094393	-547.1665651335067	1103918.8853774846	178.9276979330537	376.1220977900132	PS090219
572	72.92172215047326	0.8463182108493829	541.8473032137375	1137675.4261698294	162.55349239652747	395.57956022895235	PS090219
573	120.68225694932546	0.850403784278619	329.70365481747393	1533054.481487217	165.2142305459906	442.8218775218546	PS090219
574	126.69113275275087	0.894537971345999	113.52752970094964	1618091.3752783332	186.2299447385656	431.3267823766215	PS090219
575	101.05625482018758	0.9060908251266614	-112.26085693597749	1660473.406935912	143.9986162561771	483.0303912587056	PS090219
576	76.94683496991385	0.8302504489336082	-329.33645410127315	1085182.6191221054	105.50753820662506	461.43735569871126	PS090219
577	16.750013922976	0.8785432783946965	-541.8473032137375	255140.93012282375	75.59293069717269	295.4912292703667	PS090219
578	188.44102902568	0.7655608227644165	549.0275493998457	1146491.3304879118	316.51975147255393	303.9575937320276	PS220115
579	1033.555803796153	0.7773864561261967	319.1884239755571	1078311.5028609417	915.3385046879146	193.9501039419806	PS220115
580	978.1128679201138	0.9139656768328102	105.81233387464808	1175060.1736137136	942.7398853715016	198.3774504184456	PS220115
581	491.3112507630552	0.9722075063028102	-325.35557471787695	1409289.9647766177	742.4829323030908	234.72025483967937	PS220115
582	321.0065254285978	0.960275830542908	-549.0275493998457	405440.0209589055	302.4857457452682	204.22725256006183	PS220115
583	47.992583599178495	0.903988570586492	705.1661151813805	256256.0000403173	253.54019361981128	182.42145034340103	PS220115
584	235.8489920834855	0.8372329389274829	469.49467515617255	1194713.0943447636	487.3666286110261	260.008860675724	PS220115
585	195.2455639518824	0.942354841719824	227.4824169029334	1078924.3336551397	490.86213992722344	248.90727765862653	PS220115
586	1041.0134602434816	0.981838482821392	-6.5	886958.0187837764	1275.9253896877228	157.05657708130911	PS220115
587	2292.205378307433	0.9369182862401968	-475.1328761515035	1345478.0590745844	1288.4528171256295	184.8196972249972	PS220115
588	455.9353315645	0.7972719909395372	-705.1661151813805	1353561.666337011	377.0225524533836	302.8790964448492	PS220115
589	34.214162059762614	0.8010619691160292	497.3100139751863	527853.6588602391	403.44854047974445	202.26240606724093	PS220115
590	155.2668127316045	0.9311332092790866	249.56211651610903	805311.5739458643	534.7247465293411	213.97275437860492	PS220115
591	179.396414744029	0.9938350507554804	8.845903006477066	926206.317891204	496.4805642194093	233.1026491053243	PS220115
592	399.9153324902149	0.9754062033720624	-250.4620729771276	793592.9384344245	808.8794826408372	180.2646643399487	PS220115
593	796.4526862649986	0.8711322080242563	-497.3100139751863	2377743.80947811	448.73052953433296	353.913224394488	PS220115
594	198.22945925128403	0.6496455562165395	526.4211716867019	815464.2447535357	482.95549355259146	223.9876840818548	PS220115
595	51.187117471849255	0.9001305431143074	262.3551981570024	763643.7436488073	204.9934644386417	307.38688034000165	PS220115
596	118.13076540484286	0.9419592853425128	-6.5	1155647.443248937	399.7568646248853	277.7389486701321	PS220115
597	247.31224334197304	-0.2814250712221	-261.47131773867665	1052333.9374798725	361.8320908314536	278.40921903913	PS220115
598	48.15652731378739	0.6597972545388108	-526.4211716867019	700269.4229866348	38.96215295264756	576.8646159809797	PS220115
599	208.68982650736385	0.2658286668869853	569.9396897918235	708707.7540004737	818.3549699305617	171.4885776431396	PS220115
600	2635.431718036982	0.9015804622196212	276.88670968466505	1029562.5126965216	1425.2351853593502	159.48927669523323	PS220115
601	295.30654648287356	0.1932458547297217	-569.9396897918235	1563494.183702573	221.94157437748663	396.6140155062771	PS220115
602	429.2021974083609	0.9499610768514136	498.21782384816385	1052521.579855821	522.2388632656263	240.4195294348434	PS220115
603	270.1137061364317	0.9778940101852512	251.3364279208249	849031.4746242485	812.1479898167499	184.9015112781459	PS220115
604	165.26278606802737	0.2655430173855455	-498.21782384816385	1137061.5561402028	277.34429193777623	319.3970583120754	PS220115
605	219.7925043845461	0.8454837185355624	515.5116390538627	957015.4102656048	584.6830551021276	221.21999774304857	PS220115
606	644.2204715349903	0.9964447285202548	241.8124273067867	899922.4840150189	1099.0485905371609	167.68734853668252	PS220115
607	962.3402252302928	0.9896226926754156	-383.2378504271205	884756.4408321128	910.6916831577907	179.55849604876482	PS220115
608	829.9349997683967	0.2008298385919145	-515.5116390538627	4268478.335703374	258.0230660188217	558.047072507113	PS220115
609	77.02834796481943	0.9560076819809928	609.6064304122784	588728.0807822056	232.89324681566467	263.2256194452742	PS090441
610	47.05165131586206	0.5748951963796733	431.88540146663905	1041177.9960766074	154.83034817744056	389.307320771414	PS090441
611	88.15186222133856	0.9843743065567364	259.0829982843336	1288490.486006321	176.52659475331015	402.2846330494149	PS090441
612	144.62351491323284	0.9928067135088608	80.36168241145776	1288473.5175176074	212.52495336955664	373.5005460335153	PS090441
613	104.71270233885504	0.9385342788039877	-88.76936408468859	1012160.4257169272	154.2886182109487	385.47054646196966	PS090441
614	22.60007477119783	0.8354753698812027	-270.20362691866296	263604.04564891243	135.36569104139957	237.13868148968152	PS090441
615	14.972603893153249	-0.5433835980415607	-609.6064304122784	154095.4154468752	213.9888125373279	159.28851881732385	PS090441
616	6.549914170686719	-0.667226551967941	842.8601604062206	253573.17603406656	49.898733855034614	348.0410962771549	PS090441
617	15.97872559793236	0.753664337866802	652.7413346801319	469476.7889611759	149.5813056470839	287.02500719309705	PS090441
618	129.64753530248245	0.9588737176229756	463.8666295391381	1018767.252715291	237.91910397216145	324.99993832668486	PS090441
619	140.7022673111566	0.9899247819190778	273.77408569840935	1631826.9912060793	187.24122841804228	431.85113605470826	PS090441
620	125.97265147754312	0.9721289738297444	95.06445182085676	2083716.690532974	155.05429751623691	513.5313473535118	PS090441
621	128.8042917811678	0.9672976452099764	-95.06445182085676	1819426.119234552	153.05193244990716	488.9486566040008	PS090441
622	66.24919657906999	0.7619538460187245	-276.5904011349635	817935.1990739573	62.71376264555538	507.4198238501438	PS090441
623	18.476207469490586	0.4442440928784461	-462.9052278814747	280765.27086854354	89.29333716394517	287.23327318444547	PS090441
624	15.604055016844235	0.4710041009918271	-653.0200992312564	186832.35479410825	63.06443787368445	280.47363146895657	PS090441
625	17.323632626441395	-0.3029641175822848	-842.8601604062206	115225.64179604786	165.33298914449904	157.2174910897395	PS090441
626	20.497123773367427	0.7114385764278768	701.4413731738384	343442.2662219895	162.28880258554398	245.16083298878448	PS090441
627	182.0579739547424	0.9822212013853128	504.9801976315507	1086374.928404425	250.63861630721752	326.5861132581349	PS090441
628	91.9160335890001	0.9895162784696429	300.0166662037294	1871692.2104519033	157.96302781648785	488.3111123327644	PS090441
629	177.60025917318563	0.9427930680441872	103.58088626768937	2253193.914682826	168.00253163710607	513.1190181540468	PS090441
630	117.25044530120688	0.9599898868020744	-103.58088626768937	2246387.055380721	113.42406262738442	599.7037572923373	PS090441
631	67.88253692032653	0.8595154809648965	-297.9546945426435	1021173.0353987636	56.309814184366616	578.9367408304834	PS090441
632	20.091225710006157	0.1160280464740143	-502.9532781481795	181477.70489414857	70.41838103160589	265.26497532682504	PS090441
633	28.9328019848215	0.2309606767892226	-701.4413731738384	125564.3482708518	176.3360943969346	158.5751262738696	PS090441
634	8.923233150612383	-0.056415052484356	831.5	155385.52279692533	122.62088809506751	199.6932810158731	PS090441
635	133.18169105764397	0.9618399400347428	622.5	587679.7870675201	173.87813480456035	295.6537055068028	PS090441
636	95.0739054342604	0.9644603715611348	413.5	1774083.4395097578	143.24979678038022	497.02361654485367	PS090441
637	71.78491177407554	0.9906327672244668	204.5	2332236.888025561	122.1091130288181	591.0644614284943	PS090441
638	130.21707447500378	0.9759839293779562	-4.5	2614985.3827362335	132.10034108005254	599.5855320821336	PS090441
639	88.17840894899096	0.9181151992113108	-213.5	1603477.5459761985	73.71066434994664	622.6414618429527	PS090441
640	26.120974452058356	0.9770005138428892	-422.5	384190.366691577	40.629743606462576	446.17575776470653	PS090441
641	13.730167081828329	0.0606612667271575	-631.5	152198.81348237873	141.42567227117578	187.05883280679132	PS090441
642	8.930210300336812	-1.0714594508826307	-831.5	154248.67148503102	38.87325248794882	315.24864996674296	PS090441
643	8.562092292114954	-1.3110210149797958	969.9748708085174	142975.16124221846	45.44219259122438	287.3065591734169	PS090441
644	41.098367630705525	0.8613564403826238	554.7578300483915	236269.70270304455	126.2954206564744	233.3636380257974	PS090441
645	70.44979419740558	0.9614548365056816	342.84289404915484	951460.5109068904	70.5139343264526	514.364921124065	PS090441
646	64.38198964872728	0.983922212624592	132.0009469663002	2647612.3994459095	104.29796536646558	662.3025728862676	PS090441
647	74.6015992338715	0.9968078486118528	-81.76337811025178	2809136.139988719	115.19511116613766	651.7492044505611	PS090441
648	79.70782859873808	0.9903408934646464	-293.18296335223846	2739911.039655728	105.68706170115291	667.8991173455522	PS090441
649	42.66890941845414	0.9882507706867266	-505.09924767316767	882345.9237976121	44.91004110340112	597.7824857786834	PS090441
650	13.721951572801954	0.7585270703485628	-718.0927864837524	201352.3382659603	43.0636565575348	336.63814407840414	PS090441
651	11.700081718446192	-0.027640518658496	-969.9748708085174	168551.4334167232	44.61692189149344	309.1136278966628	PS090441
652	17.180689530962212	-0.0785545417782889	960.8497541239212	155050.9451506853	36.76052580853827	323.04430965706854	PS090441
653	8.552054036106584	-0.7704716393037356	747.9520372323349	168048.35421264943	76.26567204532137	249.15354970671592	PS090441
654	69.90052660237228	0.797603007214055	535.060977833368	585696.1164934328	63.59197351224921	441.5023613458442	PS090441
655	70.57152516978563	0.9963711405877186	322.55580912456065	2124921.39448989	114.08187170115892	585.161179580807	PS090441
656	135.55878995139267	0.9819313632049662	109.8646895048632	2329863.561953647	165.08930514210897	523.6843965283706	PS090441
657	141.40059595907962	0.9860249395031104	-106.45304129051458	2357659.780029301	163.59426828634994	528.0927857668993	PS090441
658	116.47288299518362	0.9801169841777196	-319.3591238715437	2362251.6586602917	126.94550648219445	584.9362629522087	PS090441
659	54.91589769180689	0.9678336062234372	-531.9231617442505	814519.0856514844	59.25828403647997	518.1862581472251	PS090441
660	19.875723121824073	-0.4342575594811388	-744.8290072224631	210395.88676458405	70.58329472276972	281.16362990026323	PS090441
661	17.1551982609105	0.5268497593134868	-960.8497541239212	171096.31308929267	51.67528589516954	293.2298103005562	PS090441
662	19.03264953417874	0.7224493640062781	1070.695334817519	184060.5324799496	34.70947625026097	354.02184382243195	PS090441
663	14.417302575194268	0.3247609549157437	836.2347158543467	320968.21899216477	114.32490857978766	274.5070369685941	PS090441
664	93.09191977553378	0.9872251043671018	601.7827681148739	1310691.7936756008	175.70120993496118	405.8030860399547	PS090441
665	113.02917506263464	0.9963016427538371	359.36123886696515	2182972.776157754	146.48534602505046	535.2130195864847	PS090441
666	137.71961154622127	0.9669675611740636	124.949989995998	2817605.7550705723	148.98297110118435	588.7385204034953	PS090441
667	159.56513860823557	0.9612497770839636	-116.94656899627284	2572130.9941470246	141.2179074147313	579.9443724153781	PS090441
668	111.15325497500362	0.9751718769427372	-351.9978693117332	2084573.3107092783	106.75092826997285	596.3252780397711	PS090441
669	40.06696586768145	0.9507645164810796	-593.8202590009876	795799.2940908738	61.179367856863735	506.8791647162491	PS090441
670	11.549395673552407	0.7196191664403073	-828.2864842552967	226015.3516508938	35.225396392499576	382.0655095502482	PS090441
671	15.23950458038219	0.6850582643667589	-1070.695334817519	169971.52697834242	38.91839185094257	327.57709710986103	PS090441
672	12.347561881840845	0.7276881632008911	954.8622937366414	332878.9773117105	32.68014883580526	459.64861016200814	PS090441
673	16.424886332295273	0.7274404290792611	749.1468480878766	709438.4965031939	113.71599804791684	377.8002906093617	PS090441
674	82.76532030979223	0.9895661987547096	536.9404063767226	1238328.0563953891	151.76137628340754	420.62472410229554	PS090441
675	135.55787403300883	0.9023357172874517	324.6921619010844	1872360.089539971	162.06861191769127	483.393937409749	PS090441
676	98.4281724262886	0.9869555584479708	113.17243480636088	2461271.127420553	129.54262583058318	589.8257364726351	PS090441
677	97.42802525369213	0.7951588585190461	-106.10372283760827	2010631.6808949695	89.73798621843791	630.0390890935471	PS090441
678	123.52677095702256	0.885528329100879	-317.5106297433206	1121807.5341873448	110.45465462704784	459.11210793820385	PS090441
679	52.17682531089487	0.9270902522200388	-530.4224731287316	522396.57548012264	150.9424099669783	298.4699623600409	PS090441
680	26.64111305397376	0.6289444023731834	-741.9332854104875	190754.6062253782	174.0707656159758	188.4189988708814	PS090441
681	14.146063837428732	-0.3096349926106498	-954.8622937366414	134077.33076399847	43.65669118395169	284.5422947518865	PS090441
682	11.52741815068609	0.5991187055063202	941.5035846984332	233697.9743860848	53.18874746140632	328.3666846332143	PS090441
683	57.26407690035017	0.96819022977991	733.8426261808454	678494.6753196777	157.19808187011574	326.0353531566643	PS090441
684	35.330127681328946	0.6944142614501447	526.1834280932839	914329.805933311	164.22631030422534	360.9849292165052	PS090441
685	130.01836910154162	0.9208213293536854	311.4947832628983	1218167.0908425762	151.329352680912	418.3487633404652	PS090441
686	69.80145706150479	0.884818073520079	103.83159442096613	1112471.6865536645	90.46120472617324	495.6277951651643	PS090441
687	18.317334727428815	0.7318139712948475	-103.83159442096613	348320.0784547759	134.10510107978612	266.0959709855407	PS090441
688	64.97238256763012	0.9371643707645656	-311.4947832628983	393196.8101619291	338.3329336262102	192.8995874247032	PS090441
689	19.953510341942497	0.568834479292841	-527.0635635291061	227137.97369469155	121.9496918746294	232.95317291670244	PS090441
690	12.332865210741655	0.7195825693429061	-734.7217160258706	175810.56058988257	68.46062803899245	264.89066041952606	PS090441
691	21.751627445746855	-1.1447307585666429	-941.5035846984332	132250.3411541607	140.19031719758516	177.45838599205183	PS090441
