	ALL_ym	ALL_err	ALL_dist	ALL_Area	ALL_E_bis	ALL_cp_x	chrm
0	177.08406815356372	0.937121159074541	543.7209762368931	508205.20745691546	783.1104007535628	152.7958158507247	PS150452
1	824.8431334702079	0.9770849905489845	434.7763793032	1464918.8298247359	619.1842134663733	256.34360564578196	PS150452
2	345.690461132929	0.9848049574298592	326.5003828481676	1268006.6980110016	681.4876130546088	232.8576159237706	PS150452
3	186.9278631425321	0.9726152755332703	217.50057471188438	730727.6639112785	947.5118839798512	163.71684531536323	PS150452
4	502.7891500157787	0.9814329215769504	-325.8688386452439	931573.9824598026	872.5254844956779	186.46645154137366	PS150452
5	1037.9326923938247	0.9861680946876809	-434.7763793032	1043609.1571814214	1334.9344262226869	164.60999185044022	PS150452
6	237.6712539138828	0.8776617189776528	-543.7209762368931	796709.9093135265	785.4742224749604	182.6805569158248	PS150452
7	940.5750730022397	0.9719756587706919	620.693563685012	1341294.5106486056	535.1098326736522	262.3357633761093	PS150452
8	128.9404949935701	0.8216544177522611	496.5002517622725	1110641.596448895	592.8842162537791	233.48911156115503	PS150452
9	464.02485273721993	0.9918641225463122	372.50033557031867	694321.0973137752	657.4947484282178	185.64884153211676	PS150452
10	526.526293330549	0.9982623856800376	248.50050301759956	650075.4299814765	1032.7039283451309	150.945504517034	PS150452
11	299.33071705911743	0.9254490287779364	-125.46114936505245	638066.8477798234	935.8112836691046	155.84618494510903	PS150452
12	894.0988906443818	0.9809757870474335	-620.693563685012	955807.3528496495	783.8752276893501	196.64114079478713	PS150452
13	955.5714504345588	0.9890079792649348	613.450283234102	1806591.9142428646	597.1260918189016	282.84116648649433	PS150452
14	299.837754059315	0.4489676859512488	504.5475696106364	839124.9674263163	755.7175641947301	189.41390822511391	PS150452
15	122.67581894164839	0.8091475358313416	302.09311478416714	647959.3912684247	705.6369897286253	175.55434962753873	PS150452
16	254.81507322192175	0.9000185578807995	-303.0928075689029	666782.4867508744	1045.2826623140127	151.74877334440168	PS150452
17	296.6559646477935	0.9183200948643261	-411.0684249611006	775483.5009015943	1122.3948172778157	156.6735839073292	PS150452
18	980.4475472751107	0.9571640175119911	-520.054083725914	1608298.3956422354	816.967656890167	238.1714607440215	PS150452
19	23.272547016469034	-0.43260926576438985	-613.450283234102	425976.15086053335	195.34613805752468	248.11738552633074	PS150452
20	342.3713361090037	0.3239491987890375	690.5407301528275	321651.2161028397	504.19981104614556	151.75325733481804	PS150452
21	15.5007678123697	0.5870501216945316	582.5482812608755	278274.8673589739	128.6313268643216	247.3294935151506	PS150452
22	35.545020899670895	0.5350042120447009	473.55939437413764	1345808.870412226	209.96054219529577	381.9119912400042	PS150452
23	209.70443310677177	0.9656351235102277	364.5771523285572	1008396.0302986206	484.93780731935834	243.44622656930233	PS150452
24	895.8598545708606	0.9751684452689806	-582.5482812608755	1219871.1883073668	1067.203039540101	191.62482991021443	PS150452
25	510.56711754651974	0.9677347296061736	-690.5407301528275	768437.3408982	317.7867571671384	258.5914016991494	PS150452
26	10.472569993646983	0.3775658432434179	621.4257799608896	284889.0721755272	139.95010782466483	241.38264149535905	PS150452
27	957.6286743136397	0.9010926412796098	512.5163412028928	1235605.8772774625	446.02342028321283	273.04481560590466	PS150452
28	896.7846854269106	0.9811402207129949	419.0763653560052	1275617.9611043679	912.7489742272035	207.6695027467017	PS150452
29	342.56037740748604	0.914442224960559	-419.63079010005924	1178440.736458262	943.7672454832343	198.5190337444103	PS150452
30	213.33668068500117	0.8697289824855144	-512.5163412028928	1392450.1113549222	215.0511000669661	383.46012057199175	PS150452
31	54.80437165746939	0.8659505995575887	-621.4257799608896	276807.5977412217	354.67827476106686	164.49866653489994	PS150452
32	16.174062777177582	0.8997090899310171	768.0416655364473	258606.00732556585	154.21091669715443	223.374920180623	PS150452
33	23.029204722800735	-0.015061363751134094	660.0484830677213	278392.4040383598	228.65239775750322	196.52493564577435	PS150452
34	20.79060393416224	-0.2791740567025549	567.0564345812505	294145.70098426443	220.9565100200188	203.67010894137115	PS150452
35	666.8875096588822	0.9885100037964533	473.06764843941716	1482010.8442146308	389.6966282049044	309.9380580001217	PS150452
36	1164.1616355768654	0.9801468153355614	380.08420119757676	1079534.5527024022	988.4908368178967	188.16141657792025	PS150452
37	541.0035416920628	0.8811665473889743	-489.0654352947057	973392.1341784747	995.7497031787109	180.00313662348242	PS150452
38	257.7539888437816	0.8240092823583272	-582.0549802209409	1394200.41326554	638.2888406337697	248.28369293264325	PS150452
39	83.24597420865857	0.9068046985572275	-675.0474057427374	1232461.4690212084	281.8265410182315	327.7491682877734	PS150452
40	43.96488561338651	0.8962068527740275	-768.0416655364473	384871.17529259046	124.33902681636584	285.43562955961113	PS150452
41	43.608371380879596	0.8722029678719292	753.6378440603949	263562.9257611338	130.5399809181456	240.59207856497108	PS150452
42	30.928909237563293	0.8344048889041473	660.1704325399616	278804.9595491273	135.90789820325242	242.129292869354	PS150452
43	179.8867926483735	0.9427697498302343	551.2041364140875	622464.1204643872	167.13965128449522	307.354054676641	PS150452
44	1129.4067603068552	0.9124704803173593	458.24556735444804	862755.3830976848	1181.253552930372	160.19274161136138	PS150452
45	705.2690140060822	0.9781997715376411	-551.8713618226625	923017.7762435019	1052.9092983010148	172.3267334652022	PS150452
46	1041.7787266260298	0.9862853963705736	-660.7276292088897	1743810.913716491	671.3611338396613	266.0984179230396	PS150452
47	9.981997531992711	0.45739944139084165	-753.6378440603949	383565.1809606131	70.94528823373034	356.77240968020146	PS150452
48	27.936570552190155	0.8556774680016392	761.4993434008989	252958.9518427008	194.69620082686194	201.69821025865133	PS150452
49	29.64077691816804	0.828115254931318	652.9052381471603	286714.3650266006	212.0033836628793	204.95932315876507	PS150452
50	192.28804525522912	0.8793455018783181	543.9864428457753	649833.7760544108	246.85618713037155	267.5274313821226	PS150452
51	1028.901826320113	0.9829837144666266	451.08674332106017	1838341.0131776398	700.8822604592706	267.13907480631974	PS150452
52	724.9320680922415	0.9619476999306814	-668.6383551666776	1167669.5588442693	934.2356562882002	198.59596574084605	PS150452
53	367.67138240866177	0.9678532653109277	-761.4993434008989	927444.577830532	643.9292949534088	210.1865527619251	PS150452
54	41.15470663098036	0.7063121109237029	777.9114666849949	282679.8945116175	323.04458658092835	172.20192234528406	PS150452
55	22.488750723458875	-0.5384094139693543	668.1102079747023	247376.3271971611	340.456829708497	159.86133991500515	PS150452
56	415.86702717041214	0.9199992661974261	559.3266040516936	534057.3571131815	398.24915448484415	204.26700916880247	PS150452
57	1156.4180180386434	0.9521666870115363	465.59343852764937	1501522.1336743985	735.4819821242493	241.6622943799283	PS150452
58	413.8463289132993	0.9125886890544055	-669.1085487422799	1259039.1132990948	767.5384060041594	221.4117459946849	PS150452
59	50.67691279768228	0.7848404505737149	-777.9114666849949	371921.94780742447	192.83024720368007	236.23033946294754	PS150452
60	27.982550039020868	0.6960869939480947	753.935342055272	277482.1044795331	305.9958661148115	174.6758166183032	PS150452
61	27.345137940325078	0.929663891779239	645.1778824479339	229155.3615405658	210.95871572619296	187.7578200071996	PS150452
62	654.022666162117	0.9759756356833641	443.6197696225902	697000.6358157757	375.99732803093804	232.51146920871895	PS150452
63	808.1155105324103	0.9654469122654951	350.91665677194635	1654213.5791733507	588.2645926208988	274.6834940674364	PS150452
64	423.24547838668246	0.9645524227240234	240.99896265336912	888385.5853521748	824.1752729725927	187.17928466625358	PS150452
65	1014.0586656859567	0.9848697864502859	-645.2693236161161	1272752.4342496553	860.9643833763848	212.38728555543855	PS150452
66	39.97153138067246	0.8863467174507091	-753.935342055272	560269.1082669423	258.26833275615803	247.60261182760792	PS150452
67	17.15890530110583	0.3521809788018575	699.547174963919	253950.24006061832	197.24379092337506	200.96625009544243	PS150452
68	20.735212107780274	0.5806675353720574	606.7843521383853	239112.23443659482	293.0882558100993	167.44275721836186	PS150452
69	9.00061554925204	0.19335579939915193	514.1072358953918	253193.1503962543	67.41943864684696	308.3839325825925	PS150452
70	202.30493586280133	0.7874282237541912	420.1086169075802	525105.5250368989	289.0573329011145	230.6375695652698	PS150452
71	397.75232005262495	0.9279675393227099	327.42365522362616	1417529.637797079	301.90263074318057	337.2027551200903	PS150452
72	824.7552438913915	0.9812330253281766	233.5149888122816	1499179.3137838128	619.1396697734857	258.7325054912724	PS150452
73	656.2556295891893	0.9099893161745715	140.8554223308425	1083364.4457470828	846.814385696983	200.45622837406347	PS150452
74	216.58009779230602	0.7580760090639532	49.489897959078476	912560.1838825182	698.0997241056331	202.19137889541514	PS150452
75	622.4995810189687	0.9263845596765384	-47.00265949922408	717319.3516559409	1155.9151081479056	150.08581816526987	PS150452
76	243.69542186119438	0.9361870927941711	-140.00089285429576	685441.0944261544	882.5734581082698	164.17715456456733	PS150452
77	146.7125451488844	0.8127106972965256	-233.5149888122816	1043858.6013674566	663.2367790038796	217.77811942944584	PS150452
78	782.7336908306995	0.9877467569488679	-326.36827358062857	1068898.2451663169	850.1474540080803	199.06818481552864	PS150452
79	119.03169814707199	0.843418299241562	-420.18240086895594	1332623.2258364672	365.9831811593395	304.5955220469199	PS150452
80	41.635461761494554	0.8643066162370581	-512.968078928894	548523.152509064	186.539469186493	279.63704545387407	PS150452
81	28.663984077382278	0.4441150975096987	-605.8194863158496	270993.7955798452	166.68254104164618	220.6239766402755	PS150452
82	33.19155026002266	0.5770215576695458	-699.547174963919	249905.59768414203	292.5592772268593	170.54926733495074	PS150452
