Profile 1;Profile 1;Profile 2;Profile 2;Profile 3;Profile 3;Profile 4;Profile 4;Profile 5;Profile 5;Profile 6;Profile 6;Profile 7;Profile 7;Profile 8;Profile 8;Profile 9;Profile 9;Profile 10;Profile 10;Profile 11;Profile 11;Profile 12;Profile 12;Profile 13;Profile 13;Profile 14;Profile 14;Profile 15;Profile 15;Profile 16;Profile 16;Profile 17;Profile 17;Profile 18;Profile 18;Profile 19;Profile 19;Profile 20;Profile 20;Profile 21;Profile 21;Profile 22;Profile 22;
x;y;x;y;x;y;x;y;x;y;x;y;x;y;x;y;x;y;x;y;x;y;x;y;x;y;x;y;x;y;x;y;x;y;x;y;x;y;x;y;x;y;x;y;
[m];[m];[m];[m];[m];[m];[m];[m];[m];[m];[m];[m];[m];[m];[m];[m];[m];[m];[m];[m];[m];[m];[m];[m];[m];[m];[m];[m];[m];[m];[m];[m];[m];[m];[m];[m];[m];[m];[m];[m];[m];[m];[m];[m];
0;4.5227466e-07;0;4.8269691e-07;0;4.623346e-07;0;5.4006145e-07;0;5.5039409e-07;0;5.724966e-07;0;5.9485855e-07;0;6.3068689e-07;0;6.2248237e-07;0;6.819639e-07;0;5.6437291e-07;0;6.3823003e-07;0;5.7720937e-07;0;5.5903004e-07;0;6.1674034e-07;0;5.7127686e-07;0;5.973446e-07;0;5.594787e-07;0;5.0481091e-07;0;5.0065755e-07;0;5.696421e-07;0;5.3001823e-07;
1.3283543e-08;4.5695013e-07;1.3135518e-08;4.7585988e-07;1.3150614e-08;4.9068971e-07;1.3340223e-08;5.4710035e-07;1.3314951e-08;5.5390046e-07;1.3286232e-08;5.7402588e-07;1.3359958e-08;6.0884274e-07;1.341702e-08;6.3088923e-07;1.3495662e-08;6.3134539e-07;1.34703e-08;6.9073522e-07;1.3271077e-08;5.8817619e-07;1.3388944e-08;6.4092885e-07;1.3316358e-08;5.9287889e-07;1.3434836e-08;5.6878472e-07;1.344281e-08;6.2216703e-07;1.3166754e-08;5.8754581e-07;1.3410556e-08;6.028693e-07;1.3396467e-08;5.6191252e-07;1.3418036e-08;5.1073293e-07;1.327013e-08;5.0906498e-07;1.3312346e-08;5.6878201e-07;1.3323146e-08;5.2798371e-07;
2.6567086e-08;4.5789991e-07;2.6271036e-08;4.6763382e-07;2.6301228e-08;5.2157869e-07;2.6680447e-08;5.4527368e-07;2.6629903e-08;5.6379071e-07;2.6572464e-08;5.7756635e-07;2.6719915e-08;6.1302749e-07;2.6834039e-08;6.1955692e-07;2.6991323e-08;6.3668239e-07;2.69406e-08;6.9356666e-07;2.6542155e-08;6.0611694e-07;2.6777887e-08;6.3827314e-07;2.6632716e-08;6.0793068e-07;2.6869672e-08;5.822159e-07;2.688562e-08;6.1644426e-07;2.6333509e-08;6.0403299e-07;2.6821112e-08;5.9920233e-07;2.6792934e-08;5.6387174e-07;2.6836073e-08;5.1126287e-07;2.6540259e-08;5.2041568e-07;2.6624691e-08;5.5767372e-07;2.6646291e-08;5.2446115e-07;
3.9850629e-08;4.5506702e-07;3.9406554e-08;4.6614567e-07;3.9451842e-08;5.4340257e-07;4.002067e-08;5.4842945e-07;3.9944854e-08;5.7574152e-07;3.9858695e-08;5.8806258e-07;4.0079873e-08;5.9864939e-07;4.0251059e-08;6.1725316e-07;4.0486985e-08;6.3619421e-07;4.0410901e-08;6.8989488e-07;3.9813232e-08;6.1731265e-07;4.0166831e-08;6.3473605e-07;3.9949075e-08;6.1730739e-07;4.0304508e-08;5.9831023e-07;4.0328429e-08;6.2120353e-07;3.9500263e-08;6.1506253e-07;4.0231668e-08;5.9544068e-07;4.0189402e-08;5.6759309e-07;4.0254109e-08;5.0857602e-07;3.9810389e-08;5.3255817e-07;3.9937037e-08;5.446804e-07;3.9969437e-08;5.2364056e-07;
5.3134172e-08;4.4950145e-07;5.2542072e-08;4.7278117e-07;5.2602456e-08;5.561139e-07;5.3360893e-08;5.597303e-07;5.3259806e-08;5.7763353e-07;5.3144927e-08;5.9989582e-07;5.343983e-08;5.6569275e-07;5.3668079e-08;6.2988162e-07;5.3982646e-08;6.3355495e-07;5.3881201e-08;6.816069e-07;5.308431e-08;6.2212818e-07;5.3555774e-08;6.3292211e-07;5.3265433e-08;6.2104353e-07;5.3739344e-08;6.1357789e-07;5.3771239e-08;6.3357179e-07;5.2667017e-08;6.1040859e-07;5.3642224e-08;5.9705234e-07;5.3585869e-08;5.7414683e-07;5.3672146e-08;5.0583004e-07;5.3080519e-08;5.4213564e-07;5.3249382e-08;5.3756871e-07;5.3292583e-08;5.2584326e-07;
6.6417714e-08;4.4593813e-07;6.567759e-08;4.8272933e-07;6.575307e-08;5.6179725e-07;6.6701116e-08;5.7315037e-07;6.6574757e-08;5.6167466e-07;6.6431159e-08;5.9467252e-07;6.6799788e-08;5.3396971e-07;6.7085099e-08;6.3374609e-07;6.7478308e-08;6.3170916e-07;6.7351501e-08;6.7528786e-07;6.6355387e-08;6.2502155e-07;6.6944718e-08;6.3105891e-07;6.6581791e-08;6.2630179e-07;6.717418e-08;6.2186735e-07;6.7214049e-08;6.46501e-07;6.5833772e-08;5.9613769e-07;6.705278e-08;6.0238742e-07;6.6982336e-08;5.8291194e-07;6.7090182e-08;5.0555401e-07;6.6350649e-08;5.4764694e-07;6.6561728e-08;5.4250025e-07;6.6615728e-08;5.2851353e-07;
7.9701257e-08;4.5333856e-07;7.8813108e-08;4.9681008e-07;7.8903684e-08;5.6429252e-07;8.004134e-08;5.8391039e-07;7.9889709e-08;5.378785e-07;7.9717391e-08;5.6588904e-07;8.0159745e-08;5.1675043e-07;8.0502118e-08;6.1030616e-07;8.0973969e-08;6.3362888e-07;8.0821801e-08;6.7348436e-07;7.9626465e-08;6.3453675e-07;8.0333662e-08;6.2929439e-07;7.9898149e-08;6.3368956e-07;8.0609015e-08;6.2254603e-07;8.0656859e-08;6.5058939e-07;7.9000526e-08;5.9087351e-07;8.0463336e-08;6.0980309e-07;8.0378803e-08;5.8702752e-07;8.0508219e-08;5.1123339e-07;7.9620778e-08;5.5033953e-07;7.9874074e-08;5.552705e-07;7.9938874e-08;5.3220883e-07;
9.29848e-08;4.6463247e-07;9.1948627e-08;5.0522077e-07;9.2054299e-08;5.6407747e-07;9.3381563e-08;5.8596205e-07;9.320466e-08;5.2028616e-07;9.3003623e-08;5.2798812e-07;9.3519703e-08;5.1147734e-07;9.3919138e-08;5.7293809e-07;9.4469631e-08;6.3904932e-07;9.4292102e-08;6.7577593e-07;9.2897542e-08;6.4702668e-07;9.3722605e-08;6.2665341e-07;9.3214507e-08;6.3838522e-07;9.4043851e-08;6.249894e-07;9.4099669e-08;6.3404703e-07;9.2167281e-08;5.9788697e-07;9.3873892e-08;6.1735491e-07;9.377527e-08;5.7583939e-07;9.3926255e-08;5.2161152e-07;9.2890908e-08;5.5681427e-07;9.3186419e-08;5.6690731e-07;9.326202e-08;5.3846897e-07;
1.0626834e-07;4.7326251e-07;1.0508414e-07;5.0541466e-07;1.0520491e-07;5.5684869e-07;1.0672179e-07;5.7820184e-07;1.0651961e-07;5.2003355e-07;1.0628985e-07;4.8942984e-07;1.0687966e-07;5.0506112e-07;1.0733616e-07;5.4177277e-07;1.0796529e-07;6.4065891e-07;1.077624e-07;6.7914672e-07;1.0616862e-07;6.509256e-07;1.0711155e-07;6.215518e-07;1.0653087e-07;6.4277046e-07;1.0747869e-07;6.3563719e-07;1.0754248e-07;6.0377637e-07;1.0533403e-07;6.1303548e-07;1.0728445e-07;6.2339927e-07;1.0717174e-07;5.5603905e-07;1.0734429e-07;5.3284935e-07;1.0616104e-07;5.6826345e-07;1.0649876e-07;5.7193142e-07;1.0658517e-07;5.4329069e-07;
1.1955189e-07;4.7341753e-07;1.1821966e-07;5.0186641e-07;1.1835553e-07;5.4427714e-07;1.2006201e-07;5.6448248e-07;1.1983456e-07;5.3914393e-07;1.1957609e-07;4.6523104e-07;1.2023962e-07;4.9869696e-07;1.2075318e-07;5.2395668e-07;1.2146095e-07;6.3477751e-07;1.212327e-07;6.7200635e-07;1.194397e-07;6.4266527e-07;1.2050049e-07;6.1793576e-07;1.1984722e-07;6.5337533e-07;1.2091352e-07;6.5378229e-07;1.2098529e-07;5.7656316e-07;1.1850079e-07;6.292701e-07;1.20695e-07;6.2872891e-07;1.205682e-07;5.4220361e-07;1.2076233e-07;5.4099948e-07;1.1943117e-07;5.7845037e-07;1.1981111e-07;5.6491818e-07;1.1990831e-07;5.3691598e-07;
1.3283543e-07;4.7382717e-07;1.3135518e-07;4.9577306e-07;1.3150614e-07;5.3144675e-07;1.3340223e-07;5.5074433e-07;1.3314951e-07;5.5070461e-07;1.3286232e-07;4.5230975e-07;1.3359958e-07;5.0009959e-07;1.341702e-07;5.1594165e-07;1.3495662e-07;6.2580973e-07;1.34703e-07;6.5150582e-07;1.3271077e-07;6.2051125e-07;1.3388944e-07;6.1948605e-07;1.3316358e-07;6.6761851e-07;1.3434836e-07;6.711379e-07;1.344281e-07;5.5848116e-07;1.3166754e-07;6.3151687e-07;1.3410556e-07;6.3250277e-07;1.3396467e-07;5.3656154e-07;1.3418036e-07;5.4060724e-07;1.327013e-07;5.8373738e-07;1.3312346e-07;5.4774881e-07;1.3323146e-07;5.1996929e-07;
1.4611897e-07;4.7710969e-07;1.444907e-07;4.9093901e-07;1.4465675e-07;5.1830328e-07;1.4674246e-07;5.4138925e-07;1.4646447e-07;5.5000633e-07;1.4614855e-07;4.5096987e-07;1.4695953e-07;5.1016982e-07;1.4758722e-07;5.1346461e-07;1.4845228e-07;6.1729843e-07;1.481733e-07;6.2589466e-07;1.4598185e-07;5.9111574e-07;1.4727838e-07;6.2853815e-07;1.4647994e-07;6.7845944e-07;1.4778319e-07;6.6616895e-07;1.4787091e-07;5.5174851e-07;1.448343e-07;6.1931468e-07;1.4751612e-07;6.3386149e-07;1.4736114e-07;5.3747642e-07;1.475984e-07;5.3430426e-07;1.4597143e-07;5.7949152e-07;1.464358e-07;5.2678538e-07;1.465546e-07;5.0694917e-07;
1.5940251e-07;4.7630338e-07;1.5762622e-07;4.9076784e-07;1.5780737e-07;5.0912374e-07;1.6008268e-07;5.4279792e-07;1.5977942e-07;5.4391057e-07;1.5943478e-07;4.6169603e-07;1.6031949e-07;5.2111195e-07;1.6100424e-07;5.1641159e-07;1.6194794e-07;6.0708934e-07;1.616436e-07;5.9931012e-07;1.5925293e-07;5.7078829e-07;1.6066732e-07;6.4414939e-07;1.597963e-07;6.8044483e-07;1.6121803e-07;6.34383e-07;1.6131372e-07;5.5124286e-07;1.5800105e-07;6.0619157e-07;1.6092667e-07;6.3337037e-07;1.6075761e-07;5.4286489e-07;1.6101644e-07;5.3043672e-07;1.5924156e-07;5.6587004e-07;1.5974815e-07;5.079584e-07;1.5987775e-07;5.0292037e-07;
1.7268606e-07;4.7365709e-07;1.7076173e-07;4.9363772e-07;1.7095798e-07;5.0692256e-07;1.734229e-07;5.5406376e-07;1.7309437e-07;5.3874691e-07;1.7272101e-07;4.7447942e-07;1.7367945e-07;5.2730468e-07;1.7442126e-07;5.2241887e-07;1.754436e-07;5.9390729e-07;1.751139e-07;5.760724e-07;1.7252401e-07;5.6212391e-07;1.7405627e-07;6.5877926e-07;1.7311266e-07;6.6600601e-07;1.7465287e-07;6.0009816e-07;1.7475653e-07;5.4719853e-07;1.7116781e-07;5.9446897e-07;1.7433723e-07;6.3169332e-07;1.7415407e-07;5.4879164e-07;1.7443447e-07;5.3274914e-07;1.7251169e-07;5.491216e-07;1.7306049e-07;4.9867524e-07;1.7320089e-07;4.8424678e-07;
1.859696e-07;4.6882492e-07;1.8389725e-07;4.981676e-07;1.841086e-07;5.0777341e-07;1.8676313e-07;5.583158e-07;1.8640932e-07;5.3894942e-07;1.8600725e-07;4.9016807e-07;1.8703941e-07;5.2915602e-07;1.8783828e-07;5.290245e-07;1.8893926e-07;5.7636463e-07;1.885842e-07;5.5925504e-07;1.8579508e-07;5.5924156e-07;1.8744521e-07;6.6793765e-07;1.8642901e-07;6.4020913e-07;1.880877e-07;5.7966447e-07;1.8819934e-07;5.3997143e-07;1.8433456e-07;5.783337e-07;1.8774778e-07;6.2838198e-07;1.8755054e-07;5.5263955e-07;1.8785251e-07;5.4360124e-07;1.8578182e-07;5.3212047e-07;1.8637284e-07;4.9984995e-07;1.8652404e-07;4.6722338e-07;
1.9925314e-07;4.6235792e-07;1.9703277e-07;5.0262906e-07;1.9725921e-07;5.0571527e-07;2.0010335e-07;5.5686604e-07;1.9972427e-07;5.4267451e-07;1.9929348e-07;5.0588808e-07;2.0039936e-07;5.2881003e-07;2.012553e-07;5.3195959e-07;2.0243492e-07;5.5562355e-07;2.020545e-07;5.4826023e-07;1.9906616e-07;5.5683128e-07;2.0083415e-07;6.7146653e-07;1.9974537e-07;6.1537517e-07;2.0152254e-07;5.7597454e-07;2.0164215e-07;5.3478476e-07;1.9750132e-07;5.5780359e-07;2.0115834e-07;6.2030349e-07;2.0094701e-07;5.5227697e-07;2.0127055e-07;5.589045e-07;1.9905195e-07;5.1804339e-07;1.9968518e-07;5.0974346e-07;1.9984719e-07;4.5501886e-07;
2.1253669e-07;4.5377252e-07;2.1016829e-07;5.0144678e-07;2.1040983e-07;5.0542336e-07;2.1344357e-07;5.5673663e-07;2.1303922e-07;5.4190311e-07;2.1257971e-07;5.1574956e-07;2.1375932e-07;5.2741278e-07;2.1467232e-07;5.273807e-07;2.1593058e-07;5.3474764e-07;2.155248e-07;5.4241252e-07;2.1233724e-07;5.4665095e-07;2.142231e-07;6.6799162e-07;2.1306173e-07;5.9473926e-07;2.1495737e-07;5.8453905e-07;2.1508496e-07;5.3571575e-07;2.1066807e-07;5.3666273e-07;2.145689e-07;6.067692e-07;2.1434347e-07;5.5196751e-07;2.1468858e-07;5.6899943e-07;2.1232208e-07;5.0808726e-07;2.1299753e-07;5.2446622e-07;2.1317033e-07;4.4979243e-07;
2.2582023e-07;4.4368558e-07;2.2330381e-07;4.9111477e-07;2.2356044e-07;5.0536739e-07;2.267838e-07;5.6051225e-07;2.2635417e-07;5.3545801e-07;2.2586594e-07;5.1316737e-07;2.2711928e-07;5.2399262e-07;2.2808934e-07;5.1931933e-07;2.2942625e-07;5.1620372e-07;2.289951e-07;5.4164287e-07;2.2560832e-07;5.2685395e-07;2.2761204e-07;6.5482474e-07;2.2637809e-07;5.7877951e-07;2.2839221e-07;5.9281525e-07;2.2852777e-07;5.4738953e-07;2.2383482e-07;5.1869876e-07;2.2797945e-07;5.9453244e-07;2.2773994e-07;5.5937405e-07;2.2810662e-07;5.7248753e-07;2.2559221e-07;5.0410399e-07;2.2630988e-07;5.3416065e-07;2.2649348e-07;4.541101e-07;
2.3910377e-07;4.3291184e-07;2.3643933e-07;4.7970388e-07;2.3671105e-07;5.0421453e-07;2.4012402e-07;5.6368544e-07;2.3966913e-07;5.2914046e-07;2.3915217e-07;5.0038446e-07;2.4047924e-07;5.1352711e-07;2.4150635e-07;5.1369129e-07;2.4292191e-07;5.0309781e-07;2.424654e-07;5.4163902e-07;2.3887939e-07;4.9911594e-07;2.4100098e-07;6.3138366e-07;2.3969445e-07;5.6581144e-07;2.4182705e-07;5.9142284e-07;2.4197058e-07;5.661837e-07;2.3700158e-07;5.0664919e-07;2.4139001e-07;5.9069662e-07;2.4113641e-07;5.7284595e-07;2.4152466e-07;5.7179879e-07;2.3886233e-07;5.0910087e-07;2.3962222e-07;5.3788081e-07;2.3981662e-07;4.642285e-07;
2.5238731e-07;4.2776749e-07;2.4957484e-07;4.72991e-07;2.4986167e-07;5.0114554e-07;2.5346424e-07;5.6164172e-07;2.5298408e-07;5.2198577e-07;2.524384e-07;4.7065849e-07;2.5383919e-07;4.9662172e-07;2.5492337e-07;5.1174529e-07;2.5641757e-07;4.9622817e-07;2.559357e-07;5.2941447e-07;2.5215047e-07;4.6967528e-07;2.5438993e-07;5.9516848e-07;2.5301081e-07;5.5455969e-07;2.5526188e-07;5.7185945e-07;2.5541339e-07;5.8314097e-07;2.5016833e-07;5.0217993e-07;2.5480057e-07;6.0347329e-07;2.5453288e-07;5.8711547e-07;2.5494269e-07;5.6793237e-07;2.5213246e-07;5.212009e-07;2.5293457e-07;5.3878736e-07;2.5313977e-07;4.6891097e-07;
2.6567086e-07;4.2803831e-07;2.6271036e-07;4.6809953e-07;2.6301228e-07;4.9713542e-07;2.6680447e-07;5.5694601e-07;2.6629903e-07;5.0747984e-07;2.6572464e-07;4.3230177e-07;2.6719915e-07;4.8365084e-07;2.6834039e-07;5.139689e-07;2.6991323e-07;4.9681252e-07;2.69406e-07;5.061204e-07;2.6542155e-07;4.5181142e-07;2.6777887e-07;5.5145317e-07;2.6632716e-07;5.446597e-07;2.6869672e-07;5.353397e-07;2.688562e-07;5.9312835e-07;2.6333509e-07;5.1042554e-07;2.6821112e-07;6.3117294e-07;2.6792934e-07;5.9765633e-07;2.6836073e-07;5.6352177e-07;2.6540259e-07;5.3486387e-07;2.6624691e-07;5.3696048e-07;2.6646291e-07;4.6600234e-07;
2.789544e-07;4.1365482e-07;2.7584588e-07;4.6295552e-07;2.761629e-07;4.9237706e-07;2.8014469e-07;5.5054701e-07;2.7961398e-07;4.9684458e-07;2.7901087e-07;3.9674957e-07;2.8055911e-07;4.9323463e-07;2.8175741e-07;5.2006565e-07;2.8340889e-07;5.0269433e-07;2.8287631e-07;4.9403543e-07;2.7869263e-07;4.447222e-07;2.8116782e-07;5.2059762e-07;2.7964352e-07;5.3263946e-07;2.8213155e-07;4.9758552e-07;2.8229901e-07;5.9379441e-07;2.7650184e-07;5.2469413e-07;2.8162168e-07;6.5320196e-07;2.8132581e-07;5.9582643e-07;2.8177877e-07;5.6428339e-07;2.7867272e-07;5.4193209e-07;2.7955926e-07;5.3021399e-07;2.7978606e-07;4.5774544e-07;
2.9223794e-07;3.9451091e-07;2.889814e-07;4.5848772e-07;2.8931351e-07;4.8497691e-07;2.9348491e-07;5.4172682e-07;2.9292893e-07;4.8784831e-07;2.922971e-07;3.7878354e-07;2.9391907e-07;5.0889318e-07;2.9517443e-07;5.240865e-07;2.9690455e-07;5.0653544e-07;2.9634661e-07;4.9765057e-07;2.919637e-07;4.3645969e-07;2.9455676e-07;5.0997244e-07;2.9295988e-07;5.2064493e-07;2.9556639e-07;4.7589899e-07;2.9574182e-07;5.8987114e-07;2.896686e-07;5.2860163e-07;2.9503223e-07;6.5857434e-07;2.9472228e-07;5.8606953e-07;2.951968e-07;5.7537081e-07;2.9194285e-07;5.4044433e-07;2.928716e-07;5.2095409e-07;2.931092e-07;4.4742403e-07;
3.0552149e-07;3.8035377e-07;3.0211692e-07;4.5447997e-07;3.0246412e-07;4.6998404e-07;3.0682513e-07;5.3084797e-07;3.0624388e-07;4.7958911e-07;3.0558333e-07;3.7032845e-07;3.0727902e-07;5.2603301e-07;3.0859145e-07;5.1910728e-07;3.1040022e-07;5.0793711e-07;3.0981691e-07;5.0167433e-07;3.0523478e-07;4.2512885e-07;3.079457e-07;5.0767338e-07;3.0627624e-07;5.1560758e-07;3.0900123e-07;4.7666836e-07;3.0918463e-07;5.8916652e-07;3.0283535e-07;5.2058226e-07;3.0844279e-07;6.5286867e-07;3.0811875e-07;5.7852172e-07;3.0861484e-07;5.9253893e-07;3.0521298e-07;5.2993932e-07;3.0618395e-07;5.1491617e-07;3.0643235e-07;4.4405585e-07;
3.1880503e-07;3.7512312e-07;3.1525243e-07;4.5376601e-07;3.1561474e-07;4.4715478e-07;3.2016536e-07;5.2611626e-07;3.1955883e-07;4.6665833e-07;3.1886956e-07;3.7345218e-07;3.2063898e-07;5.4231975e-07;3.2200847e-07;5.081753e-07;3.2389588e-07;5.1459943e-07;3.2328721e-07;5.0286326e-07;3.1850586e-07;4.1298831e-07;3.2133465e-07;5.0724613e-07;3.195926e-07;5.2006231e-07;3.2243606e-07;4.9273757e-07;3.2262744e-07;5.9306035e-07;3.160021e-07;5.2074802e-07;3.2185335e-07;6.4001917e-07;3.2151521e-07;5.7412968e-07;3.2203288e-07;6.0682923e-07;3.1848311e-07;5.1411773e-07;3.1949629e-07;5.1063187e-07;3.197555e-07;4.4970855e-07;
3.3208857e-07;3.7100944e-07;3.2838795e-07;4.5566618e-07;3.2876535e-07;4.3173716e-07;3.3350558e-07;5.3221775e-07;3.3287379e-07;4.5091083e-07;3.321558e-07;3.8502708e-07;3.3399894e-07;5.4700997e-07;3.3542549e-07;4.964201e-07;3.3739154e-07;5.2754626e-07;3.3675751e-07;5.0943043e-07;3.3177694e-07;4.059014e-07;3.3472359e-07;5.0815934e-07;3.3290895e-07;5.3766127e-07;3.358709e-07;5.0101986e-07;3.3607025e-07;6.0136081e-07;3.2916886e-07;5.3524135e-07;3.352639e-07;6.2244982e-07;3.3491168e-07;5.6894081e-07;3.3545091e-07;6.1076968e-07;3.3175324e-07;5.1212588e-07;3.3280864e-07;5.0261785e-07;3.3307864e-07;4.6313611e-07;
3.4537212e-07;3.6617055e-07;3.4152347e-07;4.5608364e-07;3.4191597e-07;4.2698428e-07;3.468458e-07;5.493226e-07;3.4618874e-07;4.4427508e-07;3.4544203e-07;3.931502e-07;3.473589e-07;5.4532512e-07;3.4884251e-07;4.9174022e-07;3.508872e-07;5.4071714e-07;3.5022781e-07;5.2094109e-07;3.4504801e-07;4.1668765e-07;3.4811253e-07;5.1075302e-07;3.4622531e-07;5.6215194e-07;3.4930573e-07;4.935775e-07;3.4951305e-07;6.1313499e-07;3.4233561e-07;5.469265e-07;3.4867446e-07;6.0187842e-07;3.4830815e-07;5.6257809e-07;3.4886895e-07;5.9899628e-07;3.4502337e-07;5.270143e-07;3.4612099e-07;4.9333367e-07;3.4640179e-07;4.8012789e-07;
3.5865566e-07;3.602459e-07;3.5465899e-07;4.516674e-07;3.5506658e-07;4.2956634e-07;3.6018603e-07;5.6399254e-07;3.5950369e-07;4.4475292e-07;3.5872826e-07;3.942683e-07;3.6071885e-07;5.3259362e-07;3.6225953e-07;4.9399374e-07;3.6438286e-07;5.5169299e-07;3.6369811e-07;5.2950631e-07;3.5831909e-07;4.423539e-07;3.6150148e-07;5.162389e-07;3.5954167e-07;5.7419132e-07;3.6274057e-07;4.8186255e-07;3.6295586e-07;6.2654971e-07;3.5550237e-07;5.4843839e-07;3.6208501e-07;5.7357794e-07;3.6170461e-07;5.5623121e-07;3.6228698e-07;5.7590693e-07;3.582935e-07;5.4492779e-07;3.5943333e-07;4.9078238e-07;3.5972493e-07;4.856554e-07;
3.719392e-07;3.5334999e-07;3.6779451e-07;4.4311776e-07;3.6821719e-07;4.2952292e-07;3.7352625e-07;5.6784814e-07;3.7281864e-07;4.5182068e-07;3.7201449e-07;3.8805513e-07;3.7407881e-07;5.2337852e-07;3.7567655e-07;4.9764137e-07;3.7787852e-07;5.60801e-07;3.7716841e-07;5.3225908e-07;3.7159017e-07;4.6723321e-07;3.7489042e-07;5.2390756e-07;3.7285803e-07;5.7409321e-07;3.7617541e-07;4.7370809e-07;3.7639867e-07;6.4016537e-07;3.6866912e-07;5.5019089e-07;3.7549557e-07;5.3695013e-07;3.7510108e-07;5.4806883e-07;3.7570502e-07;5.5079184e-07;3.7156363e-07;5.5730078e-07;3.7274568e-07;4.967434e-07;3.7304808e-07;4.7246033e-07;
3.8522274e-07;3.4646183e-07;3.8093002e-07;4.2375501e-07;3.8136781e-07;4.2553049e-07;3.8686647e-07;5.6121164e-07;3.8613359e-07;4.5429546e-07;3.8530072e-07;3.7610716e-07;3.8743877e-07;5.213977e-07;3.8909357e-07;5.0120992e-07;3.9137418e-07;5.6615749e-07;3.9063871e-07;5.2754071e-07;3.8486125e-07;4.8512461e-07;3.8827936e-07;5.3266663e-07;3.8617439e-07;5.7572931e-07;3.8961024e-07;4.702759e-07;3.8984148e-07;6.5147531e-07;3.8183588e-07;5.603454e-07;3.8890613e-07;5.1607105e-07;3.8849755e-07;5.3643296e-07;3.8912306e-07;5.2833169e-07;3.8483376e-07;5.5812657e-07;3.8605802e-07;5.0908705e-07;3.8637122e-07;4.6734509e-07;
3.9850629e-07;3.4202195e-07;3.9406554e-07;4.0071058e-07;3.9451842e-07;4.2370275e-07;4.002067e-07;5.4713046e-07;3.9944854e-07;4.4206231e-07;3.9858695e-07;3.6216753e-07;4.0079873e-07;5.215787e-07;4.0251059e-07;5.084617e-07;4.0486985e-07;5.6302665e-07;4.0410901e-07;5.175566e-07;3.9813232e-07;4.9083032e-07;4.0166831e-07;5.4171841e-07;3.9949075e-07;5.8147605e-07;4.0304508e-07;4.7168566e-07;4.0328429e-07;6.5907182e-07;3.9500263e-07;5.7331201e-07;4.0231668e-07;4.9922085e-07;4.0189402e-07;5.2301786e-07;4.0254109e-07;5.096667e-07;3.9810389e-07;5.4396586e-07;3.9937037e-07;5.255727e-07;3.9969437e-07;4.6270882e-07;
4.1178983e-07;3.4149725e-07;4.0720106e-07;3.808235e-07;4.0766904e-07;4.1772682e-07;4.1354692e-07;5.3183139e-07;4.1276349e-07;4.1905889e-07;4.1187319e-07;3.4785623e-07;4.1415868e-07;5.1857804e-07;4.1592761e-07;5.1918577e-07;4.1836551e-07;5.5375678e-07;4.1757931e-07;5.1106927e-07;4.114034e-07;4.8580822e-07;4.1505725e-07;5.4968756e-07;4.128071e-07;5.9128243e-07;4.1647991e-07;4.7512521e-07;4.167271e-07;6.6156672e-07;4.0816939e-07;5.83479e-07;4.1572724e-07;4.8453922e-07;4.1529048e-07;5.0950821e-07;4.1595913e-07;4.941114e-07;4.1137402e-07;5.0730863e-07;4.1268271e-07;5.4299178e-07;4.1301752e-07;4.7052838e-07;
4.2507337e-07;3.4396697e-07;4.2033658e-07;3.673867e-07;4.2081965e-07;4.0920846e-07;4.2688714e-07;5.1764722e-07;4.2607845e-07;4.0219901e-07;4.2515942e-07;3.3995916e-07;4.2751864e-07;5.0887509e-07;4.2934463e-07;5.3112024e-07;4.3186117e-07;5.4820098e-07;4.3104961e-07;5.1165959e-07;4.2467448e-07;4.7760335e-07;4.284462e-07;5.5682141e-07;4.2612346e-07;6.0405578e-07;4.2991475e-07;4.7781924e-07;4.3016991e-07;6.5923187e-07;4.2133614e-07;5.9149192e-07;4.2913779e-07;4.74729e-07;4.2868695e-07;4.9705435e-07;4.2937717e-07;4.8111754e-07;4.2464415e-07;4.5263433e-07;4.2599506e-07;5.5722425e-07;4.2634066e-07;4.8532451e-07;
4.3835692e-07;3.4838302e-07;4.334721e-07;3.5405028e-07;4.3397026e-07;4.0005181e-07;4.4022737e-07;5.0285032e-07;4.393934e-07;4.0258017e-07;4.3844565e-07;3.4618957e-07;4.408786e-07;4.956078e-07;4.4276165e-07;5.3887717e-07;4.4535683e-07;5.4814244e-07;4.4451991e-07;5.204124e-07;4.3794556e-07;4.7279107e-07;4.4183514e-07;5.6228007e-07;4.3943982e-07;6.1310706e-07;4.4334958e-07;4.8126558e-07;4.4361272e-07;6.5249557e-07;4.3450289e-07;5.9864474e-07;4.4254835e-07;4.6964091e-07;4.4208342e-07;4.8751361e-07;4.427952e-07;4.6803089e-07;4.3791428e-07;4.0594685e-07;4.3930741e-07;5.6354428e-07;4.3966381e-07;5.0751832e-07;
4.5164046e-07;3.5301884e-07;4.4660761e-07;3.3686977e-07;4.4712088e-07;3.8710094e-07;4.5356759e-07;4.843177e-07;4.5270835e-07;4.1133871e-07;4.5173188e-07;3.647263e-07;4.5423856e-07;4.8305795e-07;4.5617867e-07;5.3187706e-07;4.5885249e-07;5.5308667e-07;4.5799021e-07;5.3655298e-07;4.5121663e-07;4.8848474e-07;4.5522408e-07;5.6507418e-07;4.5275618e-07;6.2352732e-07;4.5678442e-07;4.8794996e-07;4.5705553e-07;6.390443e-07;4.4766965e-07;6.0084199e-07;4.5595891e-07;4.6841149e-07;4.5547988e-07;4.8216047e-07;4.5621324e-07;4.5177125e-07;4.5118441e-07;3.7877344e-07;4.5261975e-07;5.5793458e-07;4.5298695e-07;5.2846049e-07;
4.64924e-07;3.5292316e-07;4.5974313e-07;3.1996739e-07;4.6027149e-07;3.8095085e-07;4.6690781e-07;4.6937923e-07;4.660233e-07;4.2703984e-07;4.6501811e-07;3.8722481e-07;4.6759851e-07;4.7532301e-07;4.6959569e-07;5.1389239e-07;4.7234815e-07;5.6093519e-07;4.7146051e-07;5.5597012e-07;4.6448771e-07;5.2176761e-07;4.6861303e-07;5.666484e-07;4.6607254e-07;6.3110203e-07;4.7021926e-07;5.0137514e-07;4.7049834e-07;6.2929337e-07;4.608364e-07;5.9502288e-07;4.6936946e-07;4.7381973e-07;4.6887635e-07;4.821113e-07;4.6963128e-07;4.3421318e-07;4.6445454e-07;3.5033196e-07;4.659321e-07;5.3310539e-07;4.663101e-07;5.4134096e-07;
4.7820754e-07;3.3940075e-07;4.7287865e-07;3.0316837e-07;4.7342211e-07;3.7296792e-07;4.8024804e-07;4.5648896e-07;4.7933825e-07;4.4813609e-07;4.7830435e-07;4.08602e-07;4.8095847e-07;4.7350538e-07;4.8301271e-07;5.0610583e-07;4.8584381e-07;5.6500522e-07;4.8493081e-07;5.6639946e-07;4.7775879e-07;5.4832904e-07;4.8200197e-07;5.6808474e-07;4.7938889e-07;6.3460063e-07;4.8365409e-07;5.2203255e-07;4.8394115e-07;6.2550889e-07;4.7400316e-07;5.8668851e-07;4.8278002e-07;4.8518239e-07;4.8227282e-07;4.8525125e-07;4.8304931e-07;4.1838143e-07;4.7772467e-07;3.1410212e-07;4.7924444e-07;4.9233209e-07;4.7963324e-07;5.4509419e-07;
4.9149109e-07;3.2819076e-07;4.8601417e-07;2.9160217e-07;4.8657272e-07;3.6539743e-07;4.9358826e-07;4.5615182e-07;4.926532e-07;4.7393138e-07;4.9159058e-07;4.2646739e-07;4.9431843e-07;4.7514228e-07;4.9642973e-07;5.1302043e-07;4.9933948e-07;5.6400325e-07;4.9840111e-07;5.6706561e-07;4.9102986e-07;5.6176079e-07;4.9539091e-07;5.7055953e-07;4.9270525e-07;6.3722987e-07;4.9708893e-07;5.4629308e-07;4.9738396e-07;6.2378989e-07;4.8716991e-07;5.8300273e-07;4.9619057e-07;4.9085799e-07;4.9566929e-07;4.8697107e-07;4.9646735e-07;4.0547338e-07;4.909948e-07;2.8210407e-07;4.9255679e-07;4.4906216e-07;4.9295639e-07;5.414699e-07;
5.0477463e-07;3.3433161e-07;4.9914969e-07;2.9203605e-07;4.9972333e-07;3.6379867e-07;5.0692848e-07;4.6717475e-07;5.0596815e-07;5.0705639e-07;5.0487681e-07;4.4074168e-07;5.0767839e-07;4.7696445e-07;5.0984675e-07;5.2224949e-07;5.1283514e-07;5.5453711e-07;5.1187141e-07;5.6940674e-07;5.0430094e-07;5.5894601e-07;5.0877986e-07;5.7479308e-07;5.0602161e-07;6.403755e-07;5.1052376e-07;5.7223377e-07;5.1082677e-07;6.2542899e-07;5.0033667e-07;5.8390674e-07;5.0960113e-07;4.8598169e-07;5.0906575e-07;4.8564591e-07;5.0988539e-07;3.9654082e-07;5.0426493e-07;2.6088862e-07;5.0586913e-07;4.0855733e-07;5.0627954e-07;5.3474693e-07;
5.1805817e-07;3.5204802e-07;5.122852e-07;3.0818488e-07;5.1287395e-07;3.6961154e-07;5.2026871e-07;4.7611596e-07;5.1928311e-07;5.3337392e-07;5.1816304e-07;4.5482699e-07;5.2103834e-07;4.7749644e-07;5.2326377e-07;5.3191747e-07;5.263308e-07;5.3823495e-07;5.2534171e-07;5.7065741e-07;5.1757202e-07;5.4221935e-07;5.221688e-07;5.8000736e-07;5.1933797e-07;6.4744219e-07;5.239586e-07;6.0003682e-07;5.2426958e-07;6.2836319e-07;5.1350342e-07;5.8805347e-07;5.2301169e-07;4.8031217e-07;5.2246222e-07;4.8181414e-07;5.2330342e-07;3.883738e-07;5.1753506e-07;2.5341933e-07;5.1918148e-07;3.7866318e-07;5.1960268e-07;5.3659202e-07;
5.3134172e-07;3.6762986e-07;5.2542072e-07;3.4151292e-07;5.2602456e-07;3.8821343e-07;5.3360893e-07;4.850639e-07;5.3259806e-07;5.3497204e-07;5.3144927e-07;4.7284258e-07;5.343983e-07;4.8064578e-07;5.3668079e-07;5.4335753e-07;5.3982646e-07;5.2733882e-07;5.3881201e-07;5.7200064e-07;5.308431e-07;5.2510566e-07;5.3555774e-07;5.8486469e-07;5.3265433e-07;6.5808613e-07;5.3739344e-07;6.237165e-07;5.3771239e-07;6.2962796e-07;5.2667017e-07;5.9367829e-07;5.3642224e-07;4.8264963e-07;5.3585869e-07;4.8142192e-07;5.3672146e-07;3.7981906e-07;5.3080519e-07;2.5905639e-07;5.3249382e-07;3.6262119e-07;5.3292583e-07;5.4433641e-07;
5.4462526e-07;3.7803259e-07;5.3855624e-07;3.8110973e-07;5.3917518e-07;4.1561419e-07;5.4694915e-07;4.9140241e-07;5.4591301e-07;5.2254114e-07;5.447355e-07;4.901193e-07;5.4775826e-07;4.8172976e-07;5.5009781e-07;5.5712659e-07;5.5332212e-07;5.2496813e-07;5.5228231e-07;5.7242684e-07;5.4411417e-07;5.1213202e-07;5.4894669e-07;5.859819e-07;5.4597069e-07;6.6389845e-07;5.5082827e-07;6.3010331e-07;5.511552e-07;6.2819555e-07;5.3983693e-07;5.9839638e-07;5.498328e-07;4.964333e-07;5.4925515e-07;4.9259271e-07;5.501395e-07;3.75291e-07;5.4407532e-07;2.68105e-07;5.4580617e-07;3.6309139e-07;5.4624897e-07;5.4191449e-07;
5.579088e-07;3.8992092e-07;5.5169176e-07;4.0910805e-07;5.5232579e-07;4.3741551e-07;5.6028938e-07;4.9460456e-07;5.5922796e-07;5.0473754e-07;5.5802174e-07;4.9747223e-07;5.6111822e-07;4.8045208e-07;5.6351483e-07;5.6989802e-07;5.6681778e-07;5.2760214e-07;5.6575261e-07;5.7199852e-07;5.5738525e-07;5.0157227e-07;5.6233563e-07;5.8097563e-07;5.5928704e-07;6.6251147e-07;5.6426311e-07;6.1837711e-07;5.6459801e-07;6.2609228e-07;5.5300368e-07;6.0159536e-07;5.6324335e-07;5.1882925e-07;5.6265162e-07;5.1328409e-07;5.6355753e-07;3.7083045e-07;5.5734545e-07;2.7482081e-07;5.5911852e-07;3.7599259e-07;5.5957212e-07;5.2253063e-07;
5.7119234e-07;4.0043562e-07;5.6482728e-07;4.2216789e-07;5.6547641e-07;4.4679925e-07;5.736296e-07;4.9390524e-07;5.7254291e-07;4.9026336e-07;5.7130797e-07;4.9832899e-07;5.7447817e-07;4.7748414e-07;5.7693185e-07;5.7916535e-07;5.8031345e-07;5.3432161e-07;5.7922291e-07;5.7113596e-07;5.7065633e-07;4.9437068e-07;5.7572457e-07;5.7092748e-07;5.726034e-07;6.5608247e-07;5.7769794e-07;6.0629604e-07;5.7804082e-07;6.2511921e-07;5.6617044e-07;6.0485586e-07;5.7665391e-07;5.4144307e-07;5.7604809e-07;5.3684238e-07;5.7697557e-07;3.6651401e-07;5.7061558e-07;2.8333475e-07;5.7243086e-07;3.919961e-07;5.7289526e-07;4.8847168e-07;
5.8447589e-07;4.0388288e-07;5.779628e-07;4.2481703e-07;5.7862702e-07;4.4834083e-07;5.8696982e-07;4.9577576e-07;5.8585786e-07;4.8647497e-07;5.845942e-07;5.0621162e-07;5.8783813e-07;4.7523308e-07;5.9034887e-07;5.8466599e-07;5.9380911e-07;5.4621268e-07;5.9269321e-07;5.6993296e-07;5.8392741e-07;4.9692625e-07;5.8911352e-07;5.5858258e-07;5.8591976e-07;6.4947931e-07;5.9113278e-07;6.0205042e-07;5.9148363e-07;6.2210017e-07;5.7933719e-07;6.0918358e-07;5.9006447e-07;5.5898588e-07;5.8944456e-07;5.5823992e-07;5.903936e-07;3.6344787e-07;5.8388571e-07;2.9541299e-07;5.8574321e-07;4.0694741e-07;5.8621841e-07;4.5224724e-07;
5.9775943e-07;4.0162677e-07;5.9109831e-07;4.2313551e-07;5.9177763e-07;4.5243148e-07;6.0031005e-07;5.0261654e-07;5.9917281e-07;4.9355631e-07;5.9788043e-07;5.1850953e-07;6.0119809e-07;4.750719e-07;6.0376589e-07;5.8578779e-07;6.0730477e-07;5.6090856e-07;6.0616351e-07;5.6784833e-07;5.9719848e-07;5.1168306e-07;6.0250246e-07;5.4689437e-07;5.9923612e-07;6.5019926e-07;6.0456762e-07;6.0230727e-07;6.0492644e-07;6.1357061e-07;5.9250395e-07;6.1364878e-07;6.0347502e-07;5.6907963e-07;6.0284102e-07;5.7359827e-07;6.0381164e-07;3.5887437e-07;5.9715584e-07;3.0313492e-07;5.9905555e-07;4.1828839e-07;5.9954156e-07;4.3501095e-07;
6.1104297e-07;3.9846195e-07;6.0423383e-07;4.2047969e-07;6.0492825e-07;4.6376249e-07;6.1365027e-07;5.091712e-07;6.1248777e-07;5.0167548e-07;6.1116666e-07;5.3428311e-07;6.1455805e-07;4.7519823e-07;6.1718291e-07;5.8263206e-07;6.2080043e-07;5.724892e-07;6.1963381e-07;5.655325e-07;6.1046956e-07;5.3834887e-07;6.1589141e-07;5.3830288e-07;6.1255248e-07;6.5823124e-07;6.1800245e-07;6.0654828e-07;6.1836925e-07;6.0549205e-07;6.056707e-07;6.1765635e-07;6.1688558e-07;5.7194535e-07;6.1623749e-07;5.8317601e-07;6.1722968e-07;3.515093e-07;6.1042597e-07;3.0288329e-07;6.123679e-07;4.2382795e-07;6.128647e-07;4.3858284e-07;
6.2432652e-07;3.9765453e-07;6.1736935e-07;4.1796896e-07;6.1807886e-07;4.7649464e-07;6.2699049e-07;5.1586257e-07;6.2580272e-07;5.0921543e-07;6.244529e-07;5.5072496e-07;6.27918e-07;4.7367235e-07;6.3059993e-07;5.8012906e-07;6.3429609e-07;5.7989383e-07;6.3310411e-07;5.6516566e-07;6.2374064e-07;5.7141787e-07;6.2928035e-07;5.3700336e-07;6.2586883e-07;6.6419765e-07;6.3143729e-07;6.1737679e-07;6.3181206e-07;6.0519563e-07;6.1883746e-07;6.2439676e-07;6.3029614e-07;5.7228153e-07;6.2963396e-07;5.9021548e-07;6.3064771e-07;3.4878081e-07;6.236961e-07;3.0162342e-07;6.2568024e-07;4.1957049e-07;6.2618785e-07;4.4845486e-07;
6.3761006e-07;3.9840103e-07;6.3050487e-07;4.1451838e-07;6.3122948e-07;4.8223397e-07;6.4033072e-07;5.1232354e-07;6.3911767e-07;5.142193e-07;6.3773913e-07;5.6119905e-07;6.4127796e-07;4.7039784e-07;6.4401695e-07;5.801124e-07;6.4779175e-07;5.8402687e-07;6.4657441e-07;5.6763953e-07;6.3701172e-07;5.8933275e-07;6.4266929e-07;5.4254075e-07;6.3918519e-07;6.6355242e-07;6.4487212e-07;6.3244079e-07;6.4525487e-07;6.1147497e-07;6.3200421e-07;6.3170822e-07;6.4370669e-07;5.7350578e-07;6.4303042e-07;5.9515563e-07;6.4406575e-07;3.6133539e-07;6.3696623e-07;3.0610868e-07;6.3899259e-07;4.0748938e-07;6.3951099e-07;4.5597713e-07;
6.508936e-07;3.970772e-07;6.4364039e-07;4.0611674e-07;6.4438009e-07;4.7787592e-07;6.5367094e-07;4.9927118e-07;6.5243262e-07;5.1862053e-07;6.5102536e-07;5.655476e-07;6.5463792e-07;4.673124e-07;6.5743397e-07;5.8071457e-07;6.6128741e-07;5.8567997e-07;6.6004471e-07;5.7285645e-07;6.5028279e-07;5.8541687e-07;6.5605824e-07;5.4694505e-07;6.5250155e-07;6.5453649e-07;6.5830696e-07;6.4280698e-07;6.5869768e-07;6.1972317e-07;6.4517096e-07;6.3260987e-07;6.5711725e-07;5.7982365e-07;6.5642689e-07;5.9602524e-07;6.5748379e-07;3.8181938e-07;6.5023636e-07;3.2157506e-07;6.5230494e-07;4.0078965e-07;6.5283414e-07;4.5907081e-07;
6.6417714e-07;3.9330752e-07;6.567759e-07;3.9329049e-07;6.575307e-07;4.7081886e-07;6.6701116e-07;4.8743887e-07;6.6574757e-07;5.3148575e-07;6.6431159e-07;5.6566649e-07;6.6799788e-07;4.6159206e-07;6.7085099e-07;5.7758355e-07;6.7478308e-07;5.8629872e-07;6.7351501e-07;5.8165905e-07;6.6355387e-07;5.6684037e-07;6.6944718e-07;5.4645554e-07;6.6581791e-07;6.3799216e-07;6.717418e-07;6.45131e-07;6.7214049e-07;6.2679527e-07;6.5833772e-07;6.2797829e-07;6.705278e-07;5.9264241e-07;6.6982336e-07;5.9376299e-07;6.7090182e-07;3.9419222e-07;6.6350649e-07;3.5134941e-07;6.6561728e-07;4.0122257e-07;6.6615728e-07;4.5976857e-07;
6.7746069e-07;3.9379249e-07;6.6991142e-07;3.7691598e-07;6.7068132e-07;4.7307154e-07;6.8035139e-07;4.7983727e-07;6.7906252e-07;5.5032471e-07;6.7759782e-07;5.6244979e-07;6.8135784e-07;4.5595e-07;6.8426801e-07;5.7253961e-07;6.8827874e-07;5.8578123e-07;6.8698531e-07;5.9565621e-07;6.7682495e-07;5.4078738e-07;6.8283612e-07;5.4179683e-07;6.7913427e-07;6.2114387e-07;6.8517663e-07;6.4617101e-07;6.855833e-07;6.2786962e-07;6.7150447e-07;6.2485397e-07;6.8393836e-07;6.0642781e-07;6.8321983e-07;5.91535e-07;6.8431986e-07;4.0161447e-07;6.7677662e-07;3.8784922e-07;6.7892963e-07;3.964071e-07;6.7948043e-07;4.6390738e-07;
6.9074423e-07;3.9975226e-07;6.8304694e-07;3.6072338e-07;6.8383193e-07;4.8442443e-07;6.9369161e-07;4.7369642e-07;6.9237747e-07;5.7672121e-07;6.9088405e-07;5.5375441e-07;6.9471779e-07;4.5719234e-07;6.9768503e-07;5.6947314e-07;7.017744e-07;5.8279141e-07;7.0045561e-07;6.1120356e-07;6.9009603e-07;5.2546021e-07;6.9622507e-07;5.3368497e-07;6.9245063e-07;6.0816858e-07;6.9861147e-07;6.4942284e-07;6.9902611e-07;6.2299075e-07;6.8467123e-07;6.2383028e-07;6.9734892e-07;6.147388e-07;6.9661629e-07;5.8923391e-07;6.977379e-07;4.1494552e-07;6.9004675e-07;4.2223709e-07;6.9224197e-07;3.8551734e-07;6.9280358e-07;4.719638e-07;
7.0402777e-07;4.0214237e-07;6.9618246e-07;3.493668e-07;6.9698255e-07;4.9509798e-07;7.0703183e-07;4.7120569e-07;7.0569243e-07;5.9853369e-07;7.0417029e-07;5.4227115e-07;7.0807775e-07;4.6962633e-07;7.1110204e-07;5.6803504e-07;7.1527006e-07;5.7894626e-07;7.1392591e-07;6.2176129e-07;7.033671e-07;5.2609757e-07;7.0961401e-07;5.2574163e-07;7.0576698e-07;6.0137584e-07;7.120463e-07;6.5164202e-07;7.1246892e-07;6.1566354e-07;6.9783798e-07;6.2450863e-07;7.1075947e-07;6.1551496e-07;7.1001276e-07;5.84922e-07;7.1115593e-07;4.3380959e-07;7.0331687e-07;4.4800836e-07;7.0555432e-07;3.7862889e-07;7.0612672e-07;4.7919281e-07;
7.1731132e-07;3.9440173e-07;7.0931798e-07;3.4899331e-07;7.1013316e-07;4.9402825e-07;7.2037206e-07;4.7748727e-07;7.1900738e-07;6.0090416e-07;7.1745652e-07;5.3138638e-07;7.2143771e-07;4.8804201e-07;7.2451906e-07;5.6410994e-07;7.2876572e-07;5.7933112e-07;7.2739621e-07;6.2726366e-07;7.1663818e-07;5.3033899e-07;7.2300295e-07;5.2037997e-07;7.1908334e-07;5.9786193e-07;7.2548114e-07;6.5026573e-07;7.2591173e-07;6.0741897e-07;7.1100474e-07;6.2674092e-07;7.2417003e-07;6.1179185e-07;7.2340923e-07;5.8010536e-07;7.2457397e-07;4.5328611e-07;7.16587e-07;4.6202065e-07;7.1886666e-07;3.7652664e-07;7.1944987e-07;4.8260896e-07;
7.3059486e-07;3.810945e-07;7.2245349e-07;3.6152574e-07;7.2328377e-07;4.785227e-07;7.3371228e-07;4.9343825e-07;7.3232233e-07;5.8148471e-07;7.3074275e-07;5.3185439e-07;7.3479767e-07;5.0851155e-07;7.3793608e-07;5.5593958e-07;7.4226138e-07;5.8314338e-07;7.4086651e-07;6.2617395e-07;7.2990926e-07;5.3211715e-07;7.363919e-07;5.1653905e-07;7.323997e-07;5.8707479e-07;7.3891597e-07;6.4487978e-07;7.3935454e-07;6.0026033e-07;7.2417149e-07;6.3078488e-07;7.3758058e-07;6.040043e-07;7.3680569e-07;5.7556027e-07;7.3799201e-07;4.7133556e-07;7.2985713e-07;4.6591095e-07;7.3217901e-07;3.7813976e-07;7.3277301e-07;4.8049827e-07;
7.438784e-07;3.7197777e-07;7.3558901e-07;3.7875867e-07;7.3643439e-07;4.5315196e-07;7.470525e-07;5.1482156e-07;7.4563728e-07;5.5431187e-07;7.4402898e-07;5.4323454e-07;7.4815762e-07;5.1816174e-07;7.513531e-07;5.4589772e-07;7.5575705e-07;5.8542967e-07;7.5433681e-07;6.2459986e-07;7.4318034e-07;5.2850369e-07;7.4978084e-07;5.1237136e-07;7.4571606e-07;5.6501849e-07;7.5235081e-07;6.3468776e-07;7.5279735e-07;5.9440062e-07;7.3733824e-07;6.3544508e-07;7.5099114e-07;5.9067561e-07;7.5020216e-07;5.7116829e-07;7.5141004e-07;4.8607675e-07;7.4312726e-07;4.6366876e-07;7.4549135e-07;3.784242e-07;7.4609616e-07;4.7113232e-07;
7.5716194e-07;3.7297956e-07;7.4872453e-07;3.9188842e-07;7.49585e-07;4.339743e-07;7.6039273e-07;5.3093491e-07;7.5895223e-07;5.2757774e-07;7.5731521e-07;5.5466027e-07;7.6151758e-07;5.1640879e-07;7.6477012e-07;5.3742751e-07;7.6925271e-07;5.864432e-07;7.6780711e-07;6.210467e-07;7.5645141e-07;5.200163e-07;7.6316978e-07;5.0342042e-07;7.5903242e-07;5.3476363e-07;7.6578565e-07;6.1527926e-07;7.6624016e-07;5.8756244e-07;7.50505e-07;6.3786213e-07;7.644017e-07;5.7708345e-07;7.6359863e-07;5.6686204e-07;7.6482808e-07;4.9817369e-07;7.5639739e-07;4.6030133e-07;7.588037e-07;3.6105754e-07;7.594193e-07;4.5138443e-07;
7.7044549e-07;3.8330245e-07;7.6186005e-07;3.9167034e-07;7.6273562e-07;4.3088669e-07;7.7373295e-07;5.3621255e-07;7.7226718e-07;5.108657e-07;7.7060145e-07;5.5674399e-07;7.7487754e-07;5.1757697e-07;7.7818714e-07;5.2966201e-07;7.8274837e-07;5.89017e-07;7.8127741e-07;6.2078192e-07;7.6972249e-07;5.1270177e-07;7.7655873e-07;4.8882982e-07;7.7234877e-07;5.0325497e-07;7.7922048e-07;5.8945247e-07;7.7968297e-07;5.788508e-07;7.6367175e-07;6.3651056e-07;7.7781225e-07;5.6758181e-07;7.769951e-07;5.6189354e-07;7.7824612e-07;5.1112027e-07;7.6966752e-07;4.5959141e-07;7.7211605e-07;3.2840406e-07;7.7274245e-07;4.2457411e-07;
7.8372903e-07;3.9598311e-07;7.7499557e-07;3.8149826e-07;7.7588623e-07;4.4212373e-07;7.8707317e-07;5.2712319e-07;7.8558214e-07;5.0921423e-07;7.8388768e-07;5.4922371e-07;7.882375e-07;5.2708261e-07;7.9160416e-07;5.2380446e-07;7.9624403e-07;5.9034918e-07;7.9474771e-07;6.2172875e-07;7.8299357e-07;5.0965037e-07;7.8994767e-07;4.741948e-07;7.8566513e-07;4.865715e-07;7.9265532e-07;5.7007211e-07;7.9312578e-07;5.6601343e-07;7.7683851e-07;6.310574e-07;7.9122281e-07;5.615125e-07;7.9039156e-07;5.5485544e-07;7.9166415e-07;5.25522e-07;7.8293765e-07;4.6358017e-07;7.8542839e-07;3.0700797e-07;7.860656e-07;4.0336226e-07;
7.9701257e-07;3.9953809e-07;7.8813108e-07;3.7341559e-07;7.8903684e-07;4.5581635e-07;8.004134e-07;5.1196219e-07;7.9889709e-07;5.1731635e-07;7.9717391e-07;5.292319e-07;8.0159745e-07;5.3296883e-07;8.0502118e-07;5.2171986e-07;8.0973969e-07;5.8445076e-07;8.0821801e-07;6.1943826e-07;7.9626465e-07;5.1357228e-07;8.0333662e-07;4.6026255e-07;7.9898149e-07;4.8663499e-07;8.0609015e-07;5.6220894e-07;8.0656859e-07;5.49038e-07;7.9000526e-07;6.2244582e-07;8.0463336e-07;5.578967e-07;8.0378803e-07;5.4807942e-07;8.0508219e-07;5.3710338e-07;7.9620778e-07;4.7229457e-07;7.9874074e-07;3.0586426e-07;7.9938874e-07;3.9039831e-07;
8.1029612e-07;3.9212407e-07;8.012666e-07;3.7046299e-07;8.0218746e-07;4.6207312e-07;8.1375362e-07;5.0237241e-07;8.1221204e-07;5.2391619e-07;8.1046014e-07;5.0492316e-07;8.1495741e-07;5.2786737e-07;8.184382e-07;5.2500655e-07;8.2323535e-07;5.7531639e-07;8.2168831e-07;6.0656915e-07;8.0953572e-07;5.2256859e-07;;;8.1229785e-07;4.8248354e-07;8.1952499e-07;5.6428581e-07;8.200114e-07;5.3192834e-07;8.0317202e-07;6.1445527e-07;8.1804392e-07;5.5513115e-07;8.171845e-07;5.4642005e-07;8.1850022e-07;5.4520554e-07;8.0947791e-07;4.818666e-07;8.1205308e-07;3.1609953e-07;8.1271189e-07;3.822598e-07;
8.2357966e-07;3.7068267e-07;8.1440212e-07;3.6676391e-07;8.1533807e-07;4.5817076e-07;8.2709384e-07;4.9259707e-07;8.2552699e-07;5.2823371e-07;8.2374637e-07;4.8665689e-07;8.2831737e-07;5.1466483e-07;8.3185522e-07;5.3167448e-07;8.3673101e-07;5.7383027e-07;8.3515862e-07;5.8351207e-07;8.228068e-07;5.2785081e-07;;;8.2561421e-07;4.6555424e-07;8.3295983e-07;5.7380553e-07;8.3345421e-07;5.1491532e-07;8.1633877e-07;6.0797656e-07;8.3145448e-07;5.5234185e-07;8.3058096e-07;5.4914491e-07;8.3191826e-07;5.5365734e-07;8.2274804e-07;4.8805077e-07;8.2536543e-07;3.3153134e-07;8.2603503e-07;3.7846455e-07;
;;8.2753764e-07;3.6003311e-07;8.2848869e-07;4.4611814e-07;8.4043406e-07;4.8243259e-07;8.3884194e-07;5.278027e-07;8.370326e-07;4.7911073e-07;8.4167733e-07;5.0165859e-07;8.4527224e-07;5.4107873e-07;8.5022668e-07;5.8125953e-07;8.4862892e-07;5.5529692e-07;8.3607788e-07;5.2381201e-07;;;8.3893057e-07;4.4511912e-07;8.4639466e-07;5.7706079e-07;8.4689702e-07;4.9600576e-07;8.2950553e-07;6.0298267e-07;8.4486503e-07;5.5025644e-07;8.4397743e-07;5.530569e-07;8.453363e-07;5.6028383e-07;8.3601817e-07;4.9205768e-07;8.3867777e-07;3.4764804e-07;8.3935818e-07;3.7813607e-07;
;;8.4067316e-07;3.5535979e-07;8.416393e-07;4.3070718e-07;8.5377429e-07;4.6926018e-07;8.5215689e-07;5.2574329e-07;8.5031884e-07;4.7658621e-07;8.5503728e-07;4.9703822e-07;8.5868926e-07;5.5368375e-07;8.6372234e-07;5.9669506e-07;8.6209922e-07;5.2058184e-07;8.4934896e-07;5.0440403e-07;;;8.5224692e-07;4.2675295e-07;8.598295e-07;5.6476752e-07;8.6033983e-07;4.7542012e-07;8.4267228e-07;6.0079912e-07;8.5827559e-07;5.4797313e-07;8.573739e-07;5.5612299e-07;8.5875433e-07;5.6099569e-07;8.492883e-07;4.955108e-07;8.5199012e-07;3.6135744e-07;8.5268132e-07;3.8047114e-07;
;;8.5380867e-07;3.5992474e-07;8.5478992e-07;4.1542831e-07;8.6711451e-07;4.5671456e-07;8.6547184e-07;5.2138939e-07;8.6360507e-07;4.7507102e-07;8.6839724e-07;5.0131237e-07;8.7210628e-07;5.6581716e-07;8.77218e-07;6.131268e-07;;;8.6262003e-07;4.7324403e-07;;;;;8.7326433e-07;5.4161817e-07;;;8.5583903e-07;6.005894e-07;8.7168614e-07;5.4322397e-07;8.7077037e-07;5.5381871e-07;8.7217237e-07;5.6038694e-07;8.6255843e-07;4.9019139e-07;8.6530247e-07;3.6951703e-07;8.6600447e-07;3.8541174e-07;
;;8.6694419e-07;3.6680694e-07;8.6794053e-07;4.0146759e-07;8.8045473e-07;4.4744967e-07;8.787868e-07;5.1356555e-07;8.768913e-07;4.7551453e-07;8.817572e-07;5.0612362e-07;8.855233e-07;5.7892115e-07;8.9071366e-07;6.1535335e-07;;;8.7589111e-07;4.4634556e-07;;;;;8.8669917e-07;5.1455171e-07;;;8.6900579e-07;5.9930591e-07;8.850967e-07;5.3422816e-07;8.8416683e-07;5.4486763e-07;8.8559041e-07;5.6487962e-07;8.7582856e-07;4.6742841e-07;8.7861481e-07;3.7156731e-07;8.7932761e-07;3.9213617e-07;
;;8.8007971e-07;3.6782778e-07;8.8109114e-07;3.9079253e-07;8.9379496e-07;4.4435313e-07;8.9210175e-07;5.0069294e-07;8.9017753e-07;4.7539127e-07;8.9511716e-07;5.0676634e-07;8.9894032e-07;5.8821982e-07;9.0420932e-07;6.003127e-07;;;8.8916219e-07;4.2817507e-07;;;;;9.0013401e-07;4.8989028e-07;;;8.8217254e-07;5.9283864e-07;8.9850726e-07;5.2111623e-07;8.975633e-07;5.3055038e-07;8.9900844e-07;5.727955e-07;8.8909869e-07;4.4247524e-07;8.9192716e-07;3.7431475e-07;8.9265076e-07;4.0782738e-07;
;;8.9321523e-07;3.5914793e-07;8.9424176e-07;3.835847e-07;9.0713518e-07;4.3769338e-07;9.054167e-07;4.9102227e-07;9.0346376e-07;4.6932861e-07;9.0847711e-07;5.0287361e-07;9.1235734e-07;5.8363951e-07;;;;;9.0243327e-07;4.1404987e-07;;;;;;;;;8.953393e-07;5.791594e-07;9.1191781e-07;5.0677676e-07;9.1095977e-07;5.1436517e-07;9.1242648e-07;5.7818159e-07;9.0236882e-07;4.3754735e-07;9.052395e-07;3.8213224e-07;9.0597391e-07;4.354091e-07;
;;9.0635075e-07;3.402949e-07;9.0739237e-07;3.7698105e-07;9.204754e-07;4.1998742e-07;9.1873165e-07;4.863377e-07;9.1675e-07;4.6057287e-07;9.2183707e-07;4.9587687e-07;9.2577436e-07;5.5997e-07;;;;;;;;;;;;;;;9.0850605e-07;5.5766217e-07;9.2532837e-07;4.940348e-07;9.2435624e-07;5.0049944e-07;9.2584452e-07;5.7861138e-07;9.1563895e-07;4.5090174e-07;9.1855185e-07;3.9903513e-07;9.1929705e-07;4.5551734e-07;
;;;;9.2054299e-07;3.5921672e-07;;;9.320466e-07;4.7695783e-07;9.3003623e-07;4.52135e-07;9.3519703e-07;4.8497739e-07;9.3919138e-07;5.2551394e-07;;;;;;;;;;;;;;;9.2167281e-07;5.3012286e-07;;;9.377527e-07;4.8893629e-07;9.3926255e-07;5.7601263e-07;9.2890908e-07;4.7367572e-07;9.3186419e-07;4.2310837e-07;9.326202e-07;4.5728964e-07;
;;;;9.336936e-07;3.4068407e-07;;;;;;;;;;;;;;;;;;;;;;;;;9.3483956e-07;5.0607526e-07;;;9.5114917e-07;4.7863962e-07;9.5268059e-07;5.7481328e-07;9.4217921e-07;4.9645244e-07;9.4517654e-07;4.3958781e-07;;;
;;;;9.4684421e-07;3.2734767e-07;;;;;;;;;;;;;;;;;;;;;;;;;;;;;9.6454564e-07;4.6975294e-07;9.6609863e-07;5.7908614e-07;9.5544934e-07;5.0673298e-07;9.5848888e-07;4.4011384e-07;;;
;;;;9.5999483e-07;3.2072531e-07;;;;;;;;;;;;;;;;;;;;;;;;;;;;;9.779421e-07;4.6277301e-07;9.7951666e-07;5.8277471e-07;9.6871947e-07;5.0294398e-07;9.7180123e-07;4.2251209e-07;;;
;;;;9.7314544e-07;3.1293209e-07;;;;;;;;;;;;;;;;;;;;;;;;;;;;;;;9.929347e-07;5.7301093e-07;9.819896e-07;4.9312737e-07;9.8511358e-07;3.9394858e-07;;;
;;;;;;;;;;;;;;;;;;;;;;;;;;;;;;;;;;;;1.0063527e-06;5.4960104e-07;9.9525973e-07;4.8464692e-07;9.9842592e-07;3.8083216e-07;;;
;;;;;;;;;;;;;;;;;;;;;;;;;;;;;;;;;;;;1.0197708e-06;5.2109581e-07;1.0085299e-06;4.8302203e-07;1.0117383e-06;3.9220675e-07;;;
;;;;;;;;;;;;;;;;;;;;;;;;;;;;;;;;;;;;1.0331888e-06;4.9254913e-07;1.0218e-06;4.8624997e-07;1.0250506e-06;4.1333224e-07;;;
;;;;;;;;;;;;;;;;;;;;;;;;;;;;;;;;;;;;1.0466068e-06;4.6909368e-07;;;1.038363e-06;4.3296225e-07;;;
;;;;;;;;;;;;;;;;;;;;;;;;;;;;;;;;;;;;1.0600249e-06;4.5274485e-07;;;1.0516753e-06;4.4092247e-07;;;
;;;;;;;;;;;;;;;;;;;;;;;;;;;;;;;;;;;;1.0734429e-06;4.4235415e-07;;;;;;;
