	ALL_dist	ALL_eta	ALL_cp_x	chrm
0	-446.9980425013067	0.2684976007293549	162.06180068008632	PS150221
1	-366.50136425394106	0.7601746049274777	386.3514469413226	PS150221
2	-286.00568176174403	0.8587396653901238	500.5948728612733	PS150221
3	-206.848374419525	0.7679384914253016	358.5498889953425	PS150221
4	-126.3576273914638	0.7313610700982052	250.41773385665772	PS150221
5	-45.89389937671455	0.6922364182820133	213.06310489695784	PS150221
6	45.5	0.6581684760189503	204.28069384697108	PS150221
7	125.92954379334502	0.2893332888730563	179.12360225158739	PS150221
8	206.41281452468013	0.7438155431266515	318.3236960086666	PS150221
9	286.00568176174403	0.6954005935776668	288.6861188434125	PS150221
10	366.50136425394106	0.746227121583847	345.26404455266504	PS150221
11	446.9980425013067	0.581825017483459	177.04603790927024	PS150221
12	-602.3176072472064	0.09708724160102289	337.8118043649821	PS150221
13	-521.8414510174522	0.5197135376596396	355.22740990693603	PS150221
14	-441.37342466442175	0.8086291018374808	690.8556684306786	PS150221
15	-361.829379680534	0.7826509882794006	522.0346103859533	PS150221
16	-281.4045131123522	0.7295902750274741	323.23131825957967	PS150221
17	-205.96237520479318	0.532358337012897	174.97061443941936	PS150221
18	-45.03887209955418	0.5022277231716235	156.38933448129671	PS150221
19	46.351914739307155	0.5743706360067378	178.52959574941508	PS150221
20	125.90671149704451	0.5477439802910481	166.6238318900206	PS150221
21	205.96237520479318	0.4918741570024986	164.1821386828003	PS150221
22	281.4045131123522	0.5968781495383272	164.86498388397536	PS150221
23	361.829379680534	0.7080504627653138	225.73469848816262	PS150221
24	442.2810192626403	0.7299678409037639	252.01031450200185	PS150221
25	522.7470707713244	0.6545705641271007	305.92167986125617	PS150221
26	602.3176072472064	0.6211607512933152	175.02033724972227	PS150221
27	-581.1613373238106	0.6816231285893142	382.4390804216391	PS150221
28	-494.7671169348262	0.9165290734045002	702.8443408573794	PS150221
29	-407.4193171659881	0.7328597003074679	354.33347716515664	PS150221
30	-331.5516551006796	0.6353001493142325	256.84259404696377	PS150221
31	-244.49642124170242	0.5436193356044239	190.35789517611659	PS150221
32	5.522680508593631	0.4148773504270341	152.88198746805722	PS150221
33	168.34042889335882	0.5214931916507443	184.75150832459974	PS150221
34	255.7000195541643	0.5697741666519489	233.36696269911977	PS150221
35	331.5516551006796	0.7140416129314657	285.0994594355449	PS150221
36	418.90631410853666	0.6920163870622549	221.70888097808734	PS150221
37	505.30436372546797	0.5773027800328332	248.3091963280898	PS150221
38	581.1613373238106	0.268161949385882	169.5910578504413	PS150221
39	-833.4776541695644	0.1018753544440053	390.79076763974786	PS150221
40	-757.6681331559353	0.010649850421834861	238.42648399385735	PS150221
41	-666.6963326732794	0.05151565456575391	220.24981228423042	PS150221
42	-580.6694412486333	0.7885507830460957	699.2513539995672	PS150221
43	-489.3107397145499	0.7972429870611458	470.72371434170435	PS150221
44	-397.96607895648594	0.641471397253489	259.78336519154936	PS150221
45	-311.0771608459869	0.5150392979490553	173.50274609281223	PS150221
46	216.33307652783935	0.5687259848166291	159.03849374218964	PS150221
47	307.58413483143113	0.7315998031696478	250.58707735133555	PS150221
48	393.7829351305107	0.6848200216727263	306.55520118809545	PS150221
49	485.0247416369602	0.6573130638095674	358.5174695058404	PS150221
50	575.960068060278	0.7011360176916765	260.29272515253035	PS150221
51	663.0671157582767	0.6169606802188865	197.75471277431393	PS150221
52	754.3328177933133	0.14849743730222997	171.16533637443956	PS150221
53	833.4776541695644	0.008558584867499275	258.81426874662293	PS150221
54	-795.908600280208	0.03750222943466819	267.19653936722955	PS150221
55	-543.6676374403759	0.46612783602783514	745.8461290989849	PS150221
56	-463.2607257258055	0.8833206502757759	623.6082127166786	PS150221
57	-371.87430672204283	0.684741172538607	271.4348729890547	PS150221
58	-292.42520411209426	0.637302196169383	187.4702502685035	PS150221
59	126.38235636353676	0.5235805384986617	150.5931344043787	PS150221
60	216.8328849598234	0.5446583767702646	169.30341402850604	PS150221
61	297.2885803390369	0.6969668456798601	233.40073968340255	PS150221
62	377.7624915207967	0.6968650276399786	238.42526974824239	PS150221
63	469.1018013182213	0.2857362153808858	281.4793803941352	PS150221
64	549.5711964795826	0.6988538822040724	267.04510248147506	PS150221
65	640.9153610267116	0.7147975503352688	311.4385745022861	PS150221
66	720.4765783840583	0.39483386176751	456.18966629854367	PS150221
67	795.908600280208	-0.0014990740269795744	352.3571415843992	PS150221
68	-756.2397106738048	0.13096068720352372	554.2432939537321	PS150221
69	-681.0657090178597	-0.006430870920916432	274.5447840938757	PS150221
70	-596.2704923103272	0.027263094784236497	205.74089712034595	PS150221
71	-523.2881615324391	0.5946679175054268	467.16087617954537	PS150221
72	-438.5230894719228	0.8339685413837652	665.2804907501661	PS150221
73	-364.55520843899626	0.9386361619822416	698.9264274207231	PS150221
74	-279.7364831408302	0.8948984156936024	746.7987972245488	PS150221
75	-194.94742881094894	0.7227692632094713	341.4230925644308	PS150221
76	-121.98565489433584	0.5509433827143756	219.2181107404541	PS150221
77	-37.63641853311763	0.4679426005414833	186.00933404120713	PS150221
78	38.268786236304905	0.438548646708085	174.96462295444996	PS150221
79	121.78875153313626	0.5416788678101407	185.60430544799	PS150221
80	194.7626760958064	0.6553543016974508	219.47966500867142	PS150221
81	279.5648404216811	0.7925313555216011	368.02611868611586	PS150221
82	364.3905871451676	0.793852363801921	409.07132554530983	PS150221
83	439.5048350132226	0.747919944553894	427.4386142402642	PS150221
84	523.2881615324391	0.7932285791264009	481.21806030934397	PS150221
85	596.2704923103272	0.7480735177587793	312.82486219021075	PS150221
86	681.0657090178597	0.4803113669537895	213.72221668492875	PS150221
87	756.2397106738048	0.06909409796895394	302.4424409707432	PS150221
88	790.3519785513288	-0.03110287100253406	298.1405978631607	PS150221
89	718.9382796874847	0.18712357008110736	213.88952797138143	PS150221
90	634.0885190570793	0.3289884866919067	290.07153544753976	PS150221
91	549.2397017696372	0.529767781428073	427.95054423689805	PS150221
92	465.38398124559467	0.7869812262385012	555.3741313151734	PS150221
93	380.53941977146076	0.7596433082387859	420.66617860920985	PS150221
94	295.6995941830154	0.699865547683286	380.85483673103965	PS150221
95	210.87022075200662	0.6612092395203986	302.60750286356654	PS150221
96	126.07239983438087	0.6252839262274619	252.97883907712037	PS150221
97	42.5	0.5123674647495414	181.6670538898161	PS150221
98	-114.13259832317847	0.4807477396871176	164.41006969157797	PS150221
99	-198.95288386952325	0.5890487919767633	286.6719364398248	PS150221
100	-283.7926179448648	0.7123655739385224	732.3777153962491	PS150221
101	-368.63837293477735	0.7801582285383216	671.2541950504205	PS150221
102	-452.4955800889109	0.5575140376915626	542.5149940527588	PS150221
103	-537.3455592074806	0.16925220143927033	460.3932292876853	PS150221
104	-622.1963114644766	0.11739281543230806	466.39641030891096	PS150221
105	-707.0475585135698	0.13075836810896346	446.7961721923961	PS150221
106	-790.3519785513288	0.09337176904578581	440.4393616310598	PS150221
107	1024.3613864257086	0.3092471282022864	451.50290956826893	PS150221
108	917.4618520679757	0.1357364072725713	386.09074439296785	PS150221
109	809.5901741004519	0.15113124698856772	284.4170285520928	PS150221
110	701.1421039988969	0.5093388213443575	469.6537932024805	PS150221
111	593.2590075169529	0.6271836523549326	583.5011829953131	PS150221
112	485.4279040187121	0.806227238441851	658.9065221577915	PS150221
113	377.92889542875656	0.8479653863975515	649.6656581264153	PS150221
114	270.10044427953096	0.6748918576274985	416.18356975109805	PS150221
115	162.5	0.6327846752554716	347.906444530562	PS150221
116	53.83539727725616	0.578818485038623	299.0742775929433	PS150221
117	-53.83539727725616	0.5247144145276127	259.84950743448667	PS150221
118	-161.6114166759267	0.53199559368909	269.37718038901005	PS150221
119	-269.56678207820784	0.594563570336474	346.37066763905534	PS150221
120	-377.5476791082154	0.7341836415846899	685.495772209573	PS150221
121	-484.8342500277801	0.6683761023217392	623.6979851618446	PS150221
122	-592.773354664327	0.1612475641070188	452.9927035160489	PS150221
123	-700.7312252211971	0.21129970817927435	374.481020337798	PS150221
124	-809.0563948205341	0.0642076780216273	453.76224293761686	PS150221
125	-915.9914027980831	0.011035817083201893	392.7132033470691	PS150221
126	-1024.3613864257086	0.05901365259187341	410.75577557438896	PS150221
127	1143.6339012113972	0.11166801501754675	440.94892232442373	PS150221
128	1011.6513727564452	-0.12748747473283029	210.7756757825614	PS150221
129	891.6717445338279	-0.12086455516735661	197.41612336825574	PS150221
130	772.6981946400548	0.03177850050966646	229.41838052243043	PS150221
131	652.7346321438752	0.3451189737127096	399.45165973688256	PS150221
132	532.5284029983753	0.629030316102366	585.1635734946003	PS150221
133	412.5366650371819	0.7620872183072505	658.4266801123738	PS150221
134	293.5515286964113	0.6494413053021424	417.0870266330172	PS150221
135	173.58715390258578	0.4803409767151996	182.20316396416888	PS150221
136	53.781967238099426	0.41754035609545226	153.44562398296387	PS150221
137	-65.82172893505609	0.39700045512360993	156.96674294615332	PS150221
138	-185.61384646625908	0.41897971606139817	177.4685353593502	PS150221
139	-305.5691411121221	0.5357922391531411	201.1440281706923	PS150221
140	-425.549644577457	0.49155796439906596	226.89377591067182	PS150221
141	-544.5387956794264	0.5043190747204629	232.55631772251775	PS150221
142	-664.7303964766468	0.6209398013851476	242.19078911069562	PS150221
143	-784.6951637419463	0.693629585474884	465.82551636446215	PS150221
144	-904.6692765867535	0.08861125910084733	421.94371001517607	PS150221
145	-1023.6495982512766	0.10159386106276147	385.7272377053655	PS150221
146	-1143.6339012113972	0.10991411177078081	367.34941780512975	PS150221
147	1077.5668192738676	0.016650519160955723	369.2376348801232	PS150221
148	969.5	0.05346275163196834	373.00374912362906	PS150221
149	862.5	-0.11650281873382151	195.98158280857922	PS150221
150	634.5	0.5512905578088846	275.66624742607416	PS150221
151	514.5	0.6674598078984699	461.107131757223	PS150221
152	407.5	0.8154954203280032	395.1281530439179	PS150221
153	287.5	0.7458684577825482	303.77533651764054	PS150221
154	179.5	0.5997820861015002	177.7539642970164	PS150221
155	-47.5	0.4813282903202455	159.92225902468692	PS150221
156	-167.5	0.47525697069462913	176.57504259133634	PS150221
157	-275.5	0.5276269046853226	190.5144604540252	PS150221
158	-395.5	0.5516287568609841	179.84715830617756	PS150221
159	-502.5	0.5389073429901351	224.63137832905568	PS150221
160	-622.5	0.5866564048092124	290.2530739240051	PS150221
161	-730.5	0.638439670075833	350.2428818401463	PS150221
162	-850.5	0.3279867143677613	471.1805425240508	PS150221
163	-957.5	0.27488229374565	437.7636295584218	PS150221
164	-1077.5668192738676	0.06976286685951083	436.6162228064786	PS150221
165	951.5189173106334	-0.011692855546459047	307.05484789468926	PS150221
166	844.5213141182406	-0.11025607243872626	174.8054441546616	PS150221
167	748.5240477098915	-0.027356995727808142	253.41854229046896	PS150221
168	652.5275856237804	0.10296376231665338	340.65056298997047	PS150221
169	544.5330568477914	0.13695523479393001	271.4521871723829	PS150221
170	449.5400427103241	0.483084467027438	255.09318844968675	PS150221
171	353.5509157108775	0.7621032231954973	379.4851824752302	PS150221
172	245.57330881022065	0.7924118363178205	361.4903906423949	PS150221
173	149.62035289358195	0.7638488201206228	289.84129487353744	PS150221
174	53.83539727725616	0.7689001331902812	303.7287426477486	PS150221
175	-53.83539727725616	0.7475863405994442	294.0090438589581	PS150221
176	-149.62035289358195	0.6714259417258688	273.55643035979233	PS150221
177	-245.57330881022065	0.6882480878654074	326.080663736834	PS150221
178	-353.5509157108775	0.722094889306937	397.45958390793726	PS150221
179	-448.54013198375014	0.7984977213881069	577.1071457314167	PS150221
180	-544.5330568477914	0.652268651442556	423.46965444331363	PS150221
181	-652.5275856237804	0.3690094789423003	376.0810296311854	PS150221
182	-748.5240477098915	0.17520318629328202	436.6842847721515	PS150221
183	-844.5213141182406	0.09982576870929705	354.1741342226643	PS150221
184	-951.5189173106334	0.05699710778214517	338.84087906290233	PS150221
